27/02/2023 11:50:00,4,0.0,0.0,0.0,0.0,0.0,16690995200,1233219584,10.5,157396975616,136974852096,91.7,182038,350192
27/02/2023 11:50:01,4,0.0,0.0,0.0,0.0,0.0,16690995200,1233219584,10.5,157396975616,136974852096,91.7,182038,350192
27/02/2023 11:50:02,4,10.8,10.9,2.0,8.0,7.925000000000001,16690995200,1246494720,10.6,157396975616,136974860288,91.7,182038,350192
27/02/2023 11:50:03,4,2.0,1.0,3.0,1.0,1.75,16690995200,1246523392,10.6,157396975616,136974860288,91.7,182226,350324
27/02/2023 11:50:04,4,5.2,7.1,3.0,1.0,4.075,16690995200,1246818304,10.6,157396975616,136974864384,91.7,182226,350324
27/02/2023 11:50:05,4,4.0,3.1,6.1,15.5,7.175,16690995200,1246613504,10.6,157396975616,136974864384,91.7,182226,350324
27/02/2023 11:50:06,4,10.5,13.4,19.4,12.0,13.825,16690995200,1235693568,10.6,157396975616,136974864384,91.7,182226,350324
27/02/2023 11:50:07,4,8.2,4.1,1.0,19.4,8.174999999999999,16690995200,1245392896,10.6,157396975616,136974864384,91.7,182226,350324
27/02/2023 11:50:08,4,22.4,25.0,11.3,11.9,17.650000000000002,16690995200,1243770880,10.6,157396975616,136974868480,91.7,182226,350410
27/02/2023 11:50:09,4,6.9,4.0,1.0,3.1,3.75,16690995200,1244028928,10.6,157396975616,136974868480,91.7,182226,350410
27/02/2023 11:50:10,4,3.0,2.0,1.0,2.0,2.0,16690995200,1250238464,10.6,157396975616,136974868480,91.7,182503,350633
27/02/2023 11:50:11,4,3.9,4.0,0.0,1.0,2.225,16690995200,1250631680,10.6,157396975616,136974868480,91.7,182503,350633
27/02/2023 11:50:12,4,5.0,3.0,4.0,3.9,3.975,16690995200,1251196928,10.6,157396975616,136974872576,91.7,182503,350633
27/02/2023 11:50:13,4,2.1,3.0,1.0,3.0,2.275,16690995200,1251274752,10.6,157396975616,136974872576,91.7,182503,350719
27/02/2023 11:50:14,4,4.0,3.0,1.0,1.0,2.25,16690995200,1251274752,10.6,157396975616,136974872576,91.7,182691,350851
27/02/2023 11:50:15,4,4.9,0.0,1.0,2.0,1.975,16690995200,1251291136,10.6,157396975616,136974872576,91.7,182805,350929
27/02/2023 11:50:16,4,5.1,2.0,4.9,0.0,3.0,16690995200,1251287040,10.6,157396975616,136974876672,91.7,182805,350929
27/02/2023 11:50:17,4,9.8,0.0,1.0,1.0,2.95,16690995200,1251270656,10.6,157396975616,136974876672,91.7,182805,351439
27/02/2023 11:50:18,4,6.9,1.0,1.0,2.0,2.725,16690995200,1251258368,10.6,157396975616,136974876672,91.7,182805,351525
27/02/2023 11:50:19,4,5.1,1.0,2.0,0.0,2.025,16690995200,1251258368,10.6,157396975616,136974876672,91.7,182805,351525
27/02/2023 11:50:20,4,5.0,0.0,2.0,0.0,1.75,16690995200,1251254272,10.6,157396975616,136974880768,91.7,182805,351525
27/02/2023 11:50:21,4,4.0,0.0,3.0,1.0,2.0,16690995200,1251151872,10.6,157396975616,136974880768,91.7,182805,351525
27/02/2023 11:50:22,4,5.0,2.0,0.0,5.9,3.225,16690995200,1251139584,10.6,157396975616,136974880768,91.7,182805,351525
27/02/2023 11:50:23,4,4.0,1.0,0.0,0.0,1.25,16690995200,1251127296,10.6,157396975616,136974880768,91.7,182805,351611
27/02/2023 11:50:24,4,4.0,2.0,1.0,0.0,1.75,16690995200,1251094528,10.6,157396975616,136974880768,91.7,182993,351743
27/02/2023 11:50:25,4,4.0,3.0,1.0,0.0,2.0,16690995200,1251090432,10.6,157396975616,136974884864,91.7,182993,351743
27/02/2023 11:50:26,4,2.0,2.0,0.0,1.0,1.25,16690995200,1251090432,10.6,157396975616,136974884864,91.7,182993,351743
27/02/2023 11:50:27,4,3.0,2.0,1.0,2.0,2.0,16690995200,1251090432,10.6,157396975616,136974884864,91.7,182993,351743
27/02/2023 11:50:28,4,3.0,1.0,0.0,2.0,1.5,16690995200,1251078144,10.6,157396975616,136974884864,91.7,182993,351743
27/02/2023 11:50:29,4,1.0,1.0,3.0,2.0,1.75,16690995200,1251061760,10.6,157396975616,136974888960,91.7,182993,351743
27/02/2023 11:50:30,4,1.0,1.0,4.0,1.0,1.75,16690995200,1251061760,10.6,157396975616,136974888960,91.7,182993,351743
27/02/2023 11:50:31,4,3.0,0.0,2.0,0.0,1.25,16690995200,1251061760,10.6,157396975616,136974888960,91.7,182993,351743
27/02/2023 11:50:32,4,0.0,0.0,2.0,4.0,1.5,16690995200,1251061760,10.6,157396975616,136974888960,91.7,182993,351829
27/02/2023 11:50:33,4,0.0,0.0,2.0,4.0,1.5,16690995200,1251057664,10.6,157396975616,136974893056,91.7,182993,351829
27/02/2023 11:50:34,4,1.0,1.0,2.0,4.0,2.0,16690995200,1250983936,10.6,157396975616,136974893056,91.7,183181,351961
27/02/2023 11:50:35,4,1.0,0.0,3.0,7.9,2.975,16690995200,1251004416,10.6,157396975616,136974893056,91.7,183181,351961
27/02/2023 11:50:36,4,0.0,0.0,1.0,3.0,1.0,16690995200,1250926592,10.6,157396975616,136974897152,91.7,183411,352205
27/02/2023 11:50:37,4,0.0,4.0,3.0,4.0,2.75,16690995200,1250922496,10.6,157396975616,136974901248,91.7,183874,352624
27/02/2023 11:50:38,4,1.0,0.0,0.0,5.0,1.5,16690995200,1250922496,10.6,157396975616,136974901248,91.7,183874,352710
27/02/2023 11:50:39,4,5.9,8.8,2.0,2.0,4.675000000000001,16690995200,1250553856,10.6,157396975616,136974917632,91.7,183874,352710
27/02/2023 11:50:40,4,2.0,1.0,0.0,2.0,1.25,16690995200,1250553856,10.6,157396975616,136974917632,91.7,183874,352710
27/02/2023 11:50:41,4,5.0,1.0,0.0,2.0,2.0,16690995200,1250549760,10.6,157396975616,136974921728,91.7,183944,352752
27/02/2023 11:50:42,4,3.0,0.0,1.0,2.0,1.5,16690995200,1250549760,10.6,157396975616,136974921728,91.7,183944,352752
27/02/2023 11:50:43,4,4.0,1.0,0.0,2.0,1.75,16690995200,1250586624,10.6,157396975616,136974921728,91.7,183944,352752
27/02/2023 11:50:44,4,2.0,4.0,1.0,3.0,2.5,16690995200,1250574336,10.6,157396975616,136974921728,91.7,184132,352884
27/02/2023 11:50:45,4,2.0,1.0,0.0,7.9,2.725,16690995200,1250570240,10.6,157396975616,136974925824,91.7,184132,352884
27/02/2023 11:50:46,4,10.3,2.0,0.0,4.1,4.1,16690995200,1250750464,10.6,157396975616,136974925824,91.7,184132,352884
27/02/2023 11:50:47,4,0.0,0.0,1.0,7.1,2.025,16690995200,1250750464,10.6,157396975616,136974925824,91.7,184132,352970
27/02/2023 11:50:48,4,0.0,0.0,3.0,6.9,2.475,16690995200,1250750464,10.6,157396975616,136974925824,91.7,184132,352970
27/02/2023 11:50:49,4,0.0,0.0,3.0,3.0,1.5,16690995200,1250709504,10.6,157396975616,136974929920,91.7,184132,352970
27/02/2023 11:50:50,4,0.0,2.0,3.0,2.0,1.75,16690995200,1250709504,10.6,157396975616,136974929920,91.7,184132,352970
27/02/2023 11:50:51,4,1.0,2.0,2.0,2.0,1.75,16690995200,1250967552,10.6,157396975616,136974929920,91.7,184132,353056
27/02/2023 11:50:52,4,0.0,1.0,3.0,4.0,2.0,16690995200,1250967552,10.6,157396975616,136974929920,91.7,184132,353056
27/02/2023 11:50:53,4,2.0,2.0,0.0,1.0,1.25,16690995200,1250963456,10.6,157396975616,136974929920,91.7,184132,353056
27/02/2023 11:50:54,4,0.0,1.0,1.0,2.0,1.0,16690995200,1250963456,10.6,157396975616,136974934016,91.7,184226,353056
27/02/2023 11:50:55,4,1.0,3.0,1.0,4.0,2.25,16690995200,1250951168,10.6,157396975616,136974934016,91.7,184320,353188
27/02/2023 11:50:56,4,1.0,1.0,1.0,3.0,1.5,16690995200,1250951168,10.6,157396975616,136974934016,91.7,184320,353188
27/02/2023 11:50:57,4,2.0,0.0,1.0,4.0,1.75,16690995200,1250951168,10.6,157396975616,136974934016,91.7,184320,353188
27/02/2023 11:50:58,4,1.0,1.0,1.0,2.0,1.25,16690995200,1250947072,10.6,157396975616,136974938112,91.7,184320,353274
27/02/2023 11:50:59,4,2.0,1.0,1.0,3.0,1.75,16690995200,1251205120,10.6,157396975616,136974938112,91.7,184320,353274
27/02/2023 11:51:00,4,0.0,0.0,0.0,4.0,1.0,16690995200,1251680256,10.6,157396975616,136974938112,91.7,184320,353274
27/02/2023 11:51:01,4,28.4,28.0,48.5,47.1,38.0,16690995200,1274331136,10.8,157396975616,136974938112,91.7,184320,353274
27/02/2023 11:51:02,4,70.6,67.3,73.5,71.3,70.675,16690995200,1357475840,11.3,157396975616,136975126528,91.7,184320,353360
27/02/2023 11:51:03,4,88.0,85.6,88.8,85.9,87.07499999999999,16690995200,1382191104,11.6,157396975616,136965079040,91.7,185724,353360
27/02/2023 11:51:04,4,88.7,89.6,91.0,97.0,91.575,16690995200,1431166976,11.9,157396975616,136964911104,91.7,192127,354776
27/02/2023 11:51:05,4,90.2,85.4,91.1,91.1,89.45000000000002,16690995200,1526136832,13.2,157396975616,136965177344,91.7,217329,365333
27/02/2023 11:51:06,4,85.6,80.8,88.8,87.0,85.55,16690995200,1657917440,14.3,157396975616,136965210112,91.7,291689,446418
27/02/2023 11:51:07,4,77.1,63.8,67.0,83.8,72.925,16690995200,1781882880,14.9,157396975616,136965238784,91.7,349819,536857
27/02/2023 11:51:08,4,45.0,52.5,63.3,84.3,61.275000000000006,16690995200,1901477888,15.6,157396975616,136982917120,91.7,364231,563019
27/02/2023 11:51:09,4,97.0,73.5,22.2,39.0,57.925,16690995200,1950695424,15.9,157396975616,136982900736,91.7,369429,572102
27/02/2023 11:51:10,4,41.4,50.5,32.4,40.6,41.225,16690995200,1935036416,15.8,157396975616,136965283840,91.7,405657,608913
27/02/2023 11:51:11,4,37.3,35.0,41.8,44.2,39.575,16690995200,1960427520,16.3,157396975616,136966565888,91.7,496185,870161
27/02/2023 11:51:12,4,39.6,34.7,25.8,27.6,31.925000000000004,16690995200,1982271488,16.4,157396975616,136966565888,91.7,497143,870548
27/02/2023 11:51:13,4,32.0,33.3,35.4,30.3,32.75,16690995200,1987039232,16.4,157396975616,136966574080,91.7,501434,874655
27/02/2023 11:51:14,4,32.0,22.6,33.3,30.9,29.700000000000003,16690995200,1985990656,16.4,157396975616,136966578176,91.7,501776,874890
27/02/2023 11:51:15,4,33.0,26.0,35.4,27.0,30.35,16690995200,1990946816,16.3,157396975616,136966578176,91.7,502199,875343
27/02/2023 11:51:16,4,14.3,12.5,21.0,17.5,16.325,16690995200,1992966144,16.4,157396975616,136966561792,91.7,502984,876022
27/02/2023 11:51:17,4,6.1,9.2,6.3,2.1,5.925,16690995200,1993093120,16.4,157396975616,136966565888,91.7,504017,876719
27/02/2023 11:51:18,4,5.0,7.2,7.1,7.9,6.799999999999999,16690995200,1984372736,16.3,157396975616,136966565888,91.7,504392,876954
27/02/2023 11:51:19,4,8.0,10.0,4.0,12.0,8.5,16690995200,1981009920,16.3,157396975616,136966565888,91.7,505516,877406
27/02/2023 11:51:20,4,5.1,11.9,5.9,7.0,7.475,16690995200,1980035072,16.3,157396975616,136966569984,91.7,506286,877641
27/02/2023 11:51:21,4,6.1,8.1,9.8,8.0,8.0,16690995200,1979973632,16.3,157396975616,136966569984,91.7,507608,878597
27/02/2023 11:51:22,4,6.9,5.0,8.8,6.1,6.700000000000001,16690995200,1979957248,16.3,157396975616,136966569984,91.7,507950,878832
27/02/2023 11:51:23,4,17.3,20.0,15.6,16.0,17.225,16690995200,1976614912,16.2,157396975616,136966578176,91.7,508185,879067
27/02/2023 11:51:24,4,7.9,3.1,7.9,5.1,6.0,16690995200,1977196544,16.2,157396975616,136966569984,91.7,508420,879852
27/02/2023 11:51:25,4,5.0,1.0,3.0,10.9,4.975,16690995200,1977466880,16.3,157396975616,136966574080,91.7,509304,880436
27/02/2023 11:51:26,4,8.0,4.0,1.0,6.2,4.8,16690995200,1977561088,16.2,157396975616,136966574080,91.7,510411,881389
27/02/2023 11:51:27,4,5.1,3.0,5.0,7.0,5.025,16690995200,1977733120,16.3,157396975616,136966574080,91.7,510928,881822
27/02/2023 11:51:28,4,7.9,3.1,4.0,6.9,5.475,16690995200,1977720832,16.3,157396975616,136966586368,91.7,511539,882407
27/02/2023 11:51:29,4,4.0,5.0,4.0,4.0,4.25,16690995200,1976995840,16.2,157396975616,136966590464,91.7,511774,882642
27/02/2023 11:51:30,4,5.9,5.1,5.0,3.0,4.75,16690995200,1976995840,16.2,157396975616,136966590464,91.7,512009,882877
27/02/2023 11:51:31,4,3.0,3.0,4.0,5.1,3.775,16690995200,1976451072,16.2,157396975616,136966590464,91.7,514281,884531
27/02/2023 11:51:32,4,5.0,4.0,4.0,6.9,4.975,16690995200,1976451072,16.2,157396975616,136966590464,91.7,514586,884766
27/02/2023 11:51:33,4,7.1,6.1,5.1,6.1,6.1,16690995200,1976143872,16.2,157396975616,136966590464,91.7,514961,885001
27/02/2023 11:51:34,4,16.3,18.2,16.5,16.2,16.8,16690995200,1971904512,16.2,157396975616,136966594560,91.7,515266,885236
27/02/2023 11:51:35,4,5.1,7.0,4.0,6.9,5.75,16690995200,1971974144,16.2,157396975616,136966594560,91.7,516117,885603
27/02/2023 11:51:36,4,8.0,5.0,6.1,7.9,6.75,16690995200,1972203520,16.2,157396975616,136966594560,91.7,517483,886268
27/02/2023 11:51:37,4,5.9,5.0,7.1,7.0,6.25,16690995200,1973444608,16.2,157396975616,136966594560,91.7,518214,886503
27/02/2023 11:51:38,4,3.0,6.1,5.0,6.0,5.025,16690995200,1973440512,16.2,157396975616,136966598656,91.7,518932,887200
27/02/2023 11:51:39,4,3.0,8.1,3.0,5.0,4.775,16690995200,1972404224,16.2,157396975616,136966598656,91.7,519167,887435
27/02/2023 11:51:40,4,5.1,4.0,7.0,7.9,6.0,16690995200,1970855936,16.2,157396975616,136966598656,91.7,519402,887670
27/02/2023 11:51:41,4,4.0,4.0,6.1,4.0,4.525,16690995200,1971523584,16.2,157396975616,136966598656,91.7,520509,888623
27/02/2023 11:51:42,4,1.0,2.0,8.0,8.0,4.75,16690995200,1971519488,16.2,157396975616,136966602752,91.7,521160,889274
27/02/2023 11:51:43,4,4.0,2.0,2.0,6.9,3.725,16690995200,1971503104,16.2,157396975616,136966602752,91.7,521395,889509
27/02/2023 11:51:44,4,22.0,15.0,30.1,21.4,22.125,16690995200,1970999296,16.2,157396975616,136966602752,91.7,521630,889830
27/02/2023 11:51:45,4,5.9,2.0,6.1,8.9,5.725,16690995200,1970589696,16.2,157396975616,136966606848,91.7,521959,890065
27/02/2023 11:51:46,4,5.0,3.1,5.0,5.0,4.525,16690995200,1970475008,16.2,157396975616,136966606848,91.7,522744,890734
27/02/2023 11:51:47,4,2.0,4.0,4.1,5.1,3.8,16690995200,1970466816,16.2,157396975616,136966610944,91.7,522979,890969
27/02/2023 11:51:48,4,5.0,6.0,3.0,3.0,4.25,16690995200,1970470912,16.2,157396975616,136966610944,91.7,523872,891666
27/02/2023 11:51:49,4,6.9,2.0,3.0,3.1,3.75,16690995200,1970470912,16.2,157396975616,136966610944,91.7,524107,891901
27/02/2023 11:51:50,4,5.1,4.1,4.0,3.0,4.05,16690995200,1970458624,16.2,157396975616,136966610944,91.7,524342,892136
27/02/2023 11:51:51,4,5.0,5.0,5.8,4.0,4.95,16690995200,1970708480,16.2,157396975616,136966615040,91.7,525033,892673
27/02/2023 11:51:52,4,6.0,5.9,5.0,5.0,5.475,16690995200,1970708480,16.2,157396975616,136966615040,91.7,525684,893410
27/02/2023 11:51:53,4,3.0,3.0,2.1,4.9,3.25,16690995200,1970708480,16.2,157396975616,136966615040,91.7,525919,893645
27/02/2023 11:51:54,4,19.4,16.0,20.2,16.3,17.974999999999998,16690995200,1966215168,16.2,157396975616,136966615040,91.7,526154,893880
27/02/2023 11:51:55,4,6.0,4.0,9.0,4.1,5.775,16690995200,1966215168,16.2,157396975616,136966615040,91.7,526389,894115
27/02/2023 11:51:56,4,6.0,8.1,9.8,7.1,7.75,16690995200,1966428160,16.2,157396975616,136966619136,91.7,527684,895200
27/02/2023 11:51:57,4,3.0,4.0,4.1,5.1,4.05,16690995200,1966428160,16.2,157396975616,136966619136,91.7,527919,895485
27/02/2023 11:51:58,4,3.0,2.0,6.1,4.0,3.775,16690995200,1966428160,16.2,157396975616,136966619136,91.7,528902,896182
27/02/2023 11:51:59,4,2.0,4.0,4.1,5.1,3.8,16690995200,1966493696,16.2,157396975616,136966619136,91.7,529137,896417
27/02/2023 11:52:00,4,10.0,6.0,29.4,7.0,13.1,16690995200,1967943680,16.2,157396975616,136966623232,91.7,529372,896738
27/02/2023 11:52:01,4,6.2,22.0,25.0,41.4,23.65,16690995200,1989160960,16.3,157396975616,136966623232,91.7,530063,897275
27/02/2023 11:52:02,4,7.1,2.0,7.0,84.8,25.225,16690995200,2009755648,16.5,157396975616,136966623232,91.7,530991,898149
27/02/2023 11:52:03,4,81.0,60.8,40.6,49.0,57.85,16690995200,2099146752,17.0,157396975616,136966627328,91.7,706284,1021006
27/02/2023 11:52:04,4,61.9,42.2,66.0,84.2,63.575,16690995200,2079404032,16.9,157396975616,136966979584,91.7,872560,1213792
27/02/2023 11:52:05,4,30.3,46.0,32.7,64.0,43.25,16690995200,2133200896,17.3,157396975616,136967024640,91.7,973025,1296137
27/02/2023 11:52:06,4,71.0,82.2,73.7,70.3,74.3,16690995200,2114265088,17.1,157396975616,136967475200,91.7,1161650,1524062
27/02/2023 11:52:07,4,100.0,100.0,100.0,100.0,100.0,16690995200,2303414272,18.3,157396975616,136967618560,91.7,1502852,1786552
27/02/2023 11:52:08,4,100.0,100.0,100.0,100.0,100.0,16690995200,2403414016,18.9,157396975616,136967618560,91.7,1507473,1789989
27/02/2023 11:52:09,4,98.0,99.0,99.0,98.0,98.5,16690995200,2194018304,17.6,157396975616,136969252864,91.7,1969963,2426012
27/02/2023 11:52:10,4,100.0,100.0,100.0,100.0,100.0,16690995200,2208067584,17.7,157396975616,136969310208,91.7,2078555,2524279
27/02/2023 11:52:11,4,99.0,100.0,100.0,100.0,99.75,16690995200,2426302464,19.0,157396975616,136969314304,91.7,2104609,2546349
27/02/2023 11:52:12,4,70.0,66.3,65.7,68.4,67.6,16690995200,2601234432,20.1,157396975616,136969318400,91.7,2119322,2559538
27/02/2023 11:52:13,4,54.6,50.0,51.5,53.5,52.4,16690995200,2620035072,20.2,157396975616,136969318400,91.7,2119557,2559773
27/02/2023 11:52:14,4,82.5,79.6,80.0,82.8,81.225,16690995200,2685374464,20.5,157396975616,136969318400,91.7,2119792,2560008
27/02/2023 11:52:15,4,72.3,70.6,71.3,71.0,71.3,16690995200,2776625152,21.1,157396975616,136969318400,91.7,2120027,2560243
27/02/2023 11:52:16,4,87.8,87.6,90.7,92.1,89.54999999999998,16690995200,2897637376,21.8,157396975616,136969801728,91.7,2142436,2581142
27/02/2023 11:52:17,4,98.0,99.0,96.0,97.0,97.5,16690995200,2470207488,19.3,157396975616,136969912320,91.7,2401035,2774599
27/02/2023 11:52:18,4,98.0,99.0,99.0,98.0,98.5,16690995200,2114793472,17.2,157396975616,136971546624,91.7,2900190,3449226
27/02/2023 11:52:19,4,100.0,100.0,100.0,100.0,100.0,16690995200,2347524096,18.6,157396975616,136971587584,91.7,2981709,3517603
27/02/2023 11:52:20,4,100.0,100.0,100.0,100.0,100.0,16690995200,2600624128,20.1,157396975616,136971612160,91.7,2981944,3517838
27/02/2023 11:52:21,4,100.0,100.0,100.0,100.0,100.0,16690995200,2842705920,21.5,157396975616,136971747328,91.7,2996771,3530897
27/02/2023 11:52:22,4,99.0,99.0,100.0,99.0,99.25,16690995200,2400714752,18.9,157396975616,136972230656,91.7,3256992,3725906
27/02/2023 11:52:23,4,97.9,99.0,98.0,99.0,98.475,16690995200,2233311232,17.9,157396975616,136973815808,91.7,3702594,4347420
27/02/2023 11:52:24,4,100.0,100.0,100.0,100.0,100.0,16690995200,2189500416,17.7,157396975616,136973873152,91.7,3779819,4420651
27/02/2023 11:52:25,4,100.0,100.0,100.0,100.0,100.0,16690995200,2494914560,19.5,157396975616,136973885440,91.7,3841009,4471913
27/02/2023 11:52:26,4,100.0,100.0,100.0,100.0,100.0,16690995200,2710921216,20.7,157396975616,136973893632,91.7,3860063,4489981
27/02/2023 11:52:27,4,99.0,99.0,99.0,100.0,99.25,16690995200,2747236352,20.9,157396975616,136974381056,91.7,3871135,4499743
27/02/2023 11:52:28,4,99.0,98.0,100.0,98.0,98.75,16690995200,2454323200,19.2,157396975616,136974614528,91.7,4123514,4687992
27/02/2023 11:52:29,4,99.0,98.0,96.0,99.0,98.0,16690995200,2111565824,17.2,157396975616,136976248832,91.7,4620737,5359685
27/02/2023 11:52:30,4,100.0,99.0,99.0,99.0,99.25,16690995200,2311065600,18.4,157396975616,136976281600,91.7,4710869,5436655
27/02/2023 11:52:31,4,100.0,100.0,100.0,100.0,100.0,16690995200,2592612352,20.0,157396975616,136976281600,91.7,4711560,5437192
27/02/2023 11:52:32,4,100.0,100.0,100.0,100.0,100.0,16690995200,2730627072,20.9,157396975616,136976605184,91.7,4791199,5498991
27/02/2023 11:52:33,4,98.0,98.0,99.0,98.0,98.25,16690995200,2393894912,18.9,157396975616,136977629184,91.7,5091887,5795141
27/02/2023 11:52:34,4,98.0,100.0,99.0,98.0,98.75,16690995200,2354110464,18.7,157396975616,136978812928,91.7,5425667,6261579
27/02/2023 11:52:35,4,100.0,100.0,100.0,100.0,100.0,16690995200,2224386048,17.9,157396975616,136978890752,91.7,5512443,6342979
27/02/2023 11:52:36,4,100.0,100.0,100.0,100.0,100.0,16690995200,2342555648,18.6,157396975616,136979378176,91.7,5718644,6504692
27/02/2023 11:52:37,4,100.0,100.0,100.0,100.0,100.0,16690995200,2489602048,19.4,157396975616,136980381696,91.7,5893381,6707097
27/02/2023 11:52:38,4,100.0,99.0,100.0,99.0,99.5,16690995200,2296111104,18.3,157396975616,136981434368,91.7,6137325,6987021
27/02/2023 11:52:39,4,100.0,100.0,100.0,100.0,100.0,16690995200,2189955072,17.7,157396975616,136982278144,91.7,6476221,7380823
27/02/2023 11:52:40,4,100.0,100.0,100.0,100.0,100.0,16690995200,2267332608,18.1,157396975616,136982716416,91.7,6695548,7624220
27/02/2023 11:52:41,4,100.0,100.0,100.0,100.0,100.0,16690995200,2429321216,19.1,157396975616,136982761472,91.7,6824739,7746935
27/02/2023 11:52:42,4,100.0,100.0,100.0,100.0,100.0,16690995200,2499956736,19.5,157396975616,136983240704,91.7,6943018,7891578
27/02/2023 11:52:43,4,100.0,100.0,100.0,100.0,100.0,16690995200,2514694144,19.6,157396975616,136983851008,91.7,7093728,8083994
27/02/2023 11:52:44,4,100.0,100.0,100.0,100.0,100.0,16690995200,2556653568,19.9,157396975616,136983920640,91.7,7186392,8155698
27/02/2023 11:52:45,4,100.0,100.0,100.0,100.0,100.0,16690995200,2589446144,20.1,157396975616,136984350720,91.7,7316202,8329900
27/02/2023 11:52:46,4,100.0,100.0,100.0,100.0,100.0,16690995200,2576912384,20.0,157396975616,136984489984,91.7,7396016,8391912
27/02/2023 11:52:47,4,100.0,100.0,100.0,100.0,100.0,16690995200,2546978816,19.8,157396975616,136985051136,91.7,7564607,8584289
27/02/2023 11:52:48,4,100.0,100.0,100.0,100.0,100.0,16690995200,2603298816,20.2,157396975616,136985313280,91.7,7621849,8640751
27/02/2023 11:52:49,4,100.0,100.0,100.0,100.0,100.0,16690995200,2628435968,20.3,157396975616,136985919488,91.7,7768284,8828546
27/02/2023 11:52:50,4,100.0,98.0,100.0,99.0,99.25,16690995200,2637709312,20.4,157396975616,136986251264,91.7,7864015,8902961
27/02/2023 11:52:51,4,100.0,100.0,100.0,100.0,100.0,16690995200,2759254016,21.1,157396975616,136986427392,91.7,7864706,8903498
27/02/2023 11:52:52,4,99.0,99.0,99.0,98.0,98.75,16690995200,2578116608,20.0,157396975616,136987201536,91.7,8035323,9100543
27/02/2023 11:52:53,4,100.0,99.0,96.9,100.0,98.975,16690995200,2668072960,20.5,157396975616,136987586560,91.7,8092578,9154654
27/02/2023 11:52:54,4,100.0,100.0,99.0,100.0,99.75,16690995200,2644500480,20.4,157396975616,136988262400,91.7,8219357,9325457
27/02/2023 11:52:55,4,100.0,100.0,99.0,100.0,99.75,16690995200,2617847808,20.2,157396975616,136988487680,91.7,8307934,9393472
27/02/2023 11:52:56,4,99.0,100.0,100.0,100.0,99.75,16690995200,2523312128,19.6,157396975616,136989159424,91.7,8512087,9623391
27/02/2023 11:52:57,4,100.0,100.0,100.0,100.0,100.0,16690995200,2589573120,20.0,157396975616,136989810688,91.7,8661762,9812748
27/02/2023 11:52:58,4,100.0,100.0,100.0,100.0,100.0,16690995200,2601959424,20.1,157396975616,136990089216,91.7,8738775,9874075
27/02/2023 11:52:59,4,100.0,100.0,100.0,100.0,100.0,16690995200,2423439360,19.0,157396975616,136990818304,91.7,9023579,10164743
27/02/2023 11:53:00,4,99.0,100.0,100.0,98.0,99.25,16690995200,2421538816,19.0,157396975616,136991412224,91.7,9170399,10351267
27/02/2023 11:53:01,4,100.0,100.0,100.0,99.0,99.75,16690995200,2400968704,18.9,157396975616,136991973376,91.7,9373112,10581174
27/02/2023 11:53:02,4,100.0,99.0,100.0,100.0,99.75,16690995200,2264563712,18.1,157396975616,136992526336,91.7,9732944,10922970
27/02/2023 11:53:03,4,100.0,100.0,100.0,100.0,100.0,16690995200,2285764608,18.2,157396975616,136993320960,91.7,9976268,11257803
27/02/2023 11:53:04,4,100.0,100.0,100.0,100.0,100.0,16690995200,2180714496,17.6,157396975616,136993832960,91.7,10243207,11546692
27/02/2023 11:53:05,4,100.0,100.0,100.0,100.0,100.0,16690995200,2304049152,18.4,157396975616,136994295808,91.7,10459775,11786161
27/02/2023 11:53:06,4,100.0,100.0,100.0,100.0,100.0,16690995200,2429620224,19.1,157396975616,136994664448,91.7,10615332,11982214
27/02/2023 11:53:07,4,100.0,100.0,100.0,100.0,100.0,16690995200,2506153984,19.6,157396975616,136994684928,91.7,10665139,12027255
27/02/2023 11:53:08,4,100.0,100.0,100.0,100.0,100.0,16690995200,2744741888,21.0,157396975616,136994701312,91.7,10688923,12047359
27/02/2023 11:53:09,4,100.0,100.0,100.0,100.0,100.0,16690995200,2746060800,21.0,157396975616,136994734080,91.7,10764293,12104103
27/02/2023 11:53:10,4,100.0,99.0,100.0,100.0,99.75,16690995200,2470715392,19.3,157396975616,136995205120,91.7,11032916,12381836
27/02/2023 11:53:11,4,100.0,100.0,100.0,100.0,100.0,16690995200,2469437440,19.3,157396975616,136995627008,91.7,11201473,12597120
27/02/2023 11:53:12,4,100.0,100.0,100.0,100.0,100.0,16690995200,2498396160,19.5,157396975616,136996032512,91.7,11333078,12764672
27/02/2023 11:53:13,4,100.0,100.0,100.0,100.0,100.0,16690995200,2666401792,20.5,157396975616,136995864576,91.7,11429385,12838593
27/02/2023 11:53:14,4,100.0,100.0,100.0,100.0,100.0,16690995200,2789347328,21.2,157396975616,136995868672,91.7,11490008,12922162
27/02/2023 11:53:15,4,100.0,100.0,100.0,100.0,100.0,16690995200,2727317504,20.9,157396975616,136996282368,91.7,11568600,13022310
27/02/2023 11:53:16,4,100.0,100.0,100.0,100.0,100.0,16690995200,2650050560,20.4,157396975616,136996360192,91.7,11671618,13103408
27/02/2023 11:53:17,4,99.0,100.0,100.0,100.0,99.75,16690995200,2446663680,19.2,157396975616,136996438016,91.7,11890240,13266968
27/02/2023 11:53:18,4,100.0,99.0,98.1,98.0,98.775,16690995200,2322743296,18.5,157396975616,136998031360,91.7,12361932,13921264
27/02/2023 11:53:19,4,99.0,99.0,100.0,100.0,99.5,16690995200,2254848000,18.1,157396975616,136998076416,91.7,12446570,13998260
27/02/2023 11:53:20,4,100.0,100.0,100.0,100.0,100.0,16690995200,2470084608,19.4,157396975616,136998113280,91.7,12561880,14088682
27/02/2023 11:53:21,4,100.0,100.0,100.0,100.0,100.0,16690995200,2681552896,20.6,157396975616,136998117376,91.7,12573340,14098772
27/02/2023 11:53:22,4,100.0,100.0,100.0,100.0,100.0,16690995200,2707525632,20.8,157396975616,136998539264,91.7,12698407,14268997
27/02/2023 11:53:23,4,100.0,100.0,100.0,100.0,100.0,16690995200,2793451520,21.3,157396975616,136998543360,91.7,12718426,14286262
27/02/2023 11:53:24,4,100.0,100.0,100.0,100.0,100.0,16690995200,2844082176,21.6,157396975616,136998559744,91.7,12722148,14290635
27/02/2023 11:53:25,4,98.0,100.0,100.0,100.0,99.5,16690995200,2559905792,19.9,157396975616,136998662144,91.7,12948132,14460859
27/02/2023 11:53:26,4,96.9,100.0,94.1,93.9,96.225,16690995200,2416750592,19.0,157396975616,136999849984,91.7,13288164,14938067
27/02/2023 11:53:27,4,18.2,28.3,11.3,88.0,36.45,16690995200,2300186624,18.3,157396975616,136999862272,91.7,13294862,14944209
27/02/2023 11:53:28,4,5.1,25.3,9.3,77.8,29.375,16690995200,2180591616,17.6,157396975616,136999878656,91.7,13366927,14997972
27/02/2023 11:53:29,4,25.0,16.0,77.2,16.3,33.625,16690995200,2130747392,17.3,157396975616,137000296448,91.7,13522998,15196421
27/02/2023 11:53:30,4,38.0,25.3,57.6,57.7,44.650000000000006,16690995200,2157170688,17.5,157396975616,137000329216,91.7,13597196,15252189
27/02/2023 11:53:31,4,4.1,40.2,49.0,35.3,32.150000000000006,16690995200,2098675712,17.1,157396975616,137000738816,91.7,13728822,15427917
27/02/2023 11:53:32,4,61.8,32.0,40.0,44.6,44.6,16690995200,2150612992,17.4,157396975616,137001148416,91.7,13907177,15630084
27/02/2023 11:53:33,4,16.5,71.7,41.6,33.0,40.7,16690995200,2196828160,17.7,157396975616,137001177088,91.7,13951711,15670248
27/02/2023 11:53:34,4,43.6,29.6,74.8,43.0,47.75,16690995200,2101399552,17.1,157396975616,137001648128,91.7,14129984,15899695
27/02/2023 11:53:35,4,74.5,20.0,37.6,46.5,44.65,16690995200,2233294848,17.9,157396975616,137001701376,91.7,14163400,15931613
27/02/2023 11:53:36,4,34.3,68.0,22.2,30.3,38.7,16690995200,2316218368,18.4,157396975616,137001721856,91.7,14167430,15935239
27/02/2023 11:53:37,4,12.1,6.1,81.0,11.8,27.75,16690995200,2344095744,18.5,157396975616,137001754624,91.7,14167665,15935474
27/02/2023 11:53:38,4,6.1,1.0,99.0,1.0,26.775,16690995200,2344534016,18.5,157396975616,137001754624,91.7,14168088,15935841
27/02/2023 11:53:39,4,6.1,5.9,100.0,5.0,29.25,16690995200,2345144320,18.5,157396975616,137001725952,91.7,14168323,15936076
27/02/2023 11:53:40,4,23.5,4.0,85.0,4.0,29.125,16690995200,2344665088,18.6,157396975616,137001725952,91.7,14179206,15946653
27/02/2023 11:53:41,4,52.9,16.2,59.0,30.4,39.625,16690995200,2332532736,18.6,157396975616,137001811968,91.7,14179897,15947190
27/02/2023 11:53:42,4,96.0,5.9,12.9,2.0,29.200000000000003,16690995200,2333646848,18.6,157396975616,137001811968,91.7,14180132,15947425
27/02/2023 11:53:43,4,100.0,1.0,5.1,1.0,26.775,16690995200,2345066496,18.6,157396975616,137001811968,91.7,14180367,15947746
27/02/2023 11:53:44,4,9.0,3.0,97.0,5.9,28.725,16690995200,2346258432,18.6,157396975616,137001811968,91.7,14180602,15947981
27/02/2023 11:53:45,4,26.3,35.4,32.3,80.8,43.7,16690995200,2174119936,17.7,157396975616,137002295296,91.7,14344264,16138725
27/02/2023 11:53:46,4,58.6,38.1,68.3,33.0,49.5,16690995200,2216771584,17.9,157396975616,137002385408,91.7,14388765,16178814
27/02/2023 11:53:47,4,34.3,27.7,23.3,80.0,41.325,16690995200,2315866112,18.4,157396975616,137002389504,91.7,14392331,16182048
27/02/2023 11:53:48,4,7.0,7.8,96.0,8.9,29.925,16690995200,2190868480,17.6,157396975616,137002393600,91.7,14392754,16182415
27/02/2023 11:53:49,4,14.1,14.0,71.4,40.0,34.875,16690995200,2320900096,18.4,157396975616,137002393600,91.7,14392989,16182650
27/02/2023 11:53:50,4,4.0,10.0,2.0,92.0,27.0,16690995200,2378121216,18.7,157396975616,137002393600,91.7,14393224,16182885
27/02/2023 11:53:51,4,26.0,23.0,6.1,57.8,28.225,16690995200,2285756416,18.2,157396975616,137002418176,91.7,14404556,16193847
27/02/2023 11:53:52,4,15.2,65.3,16.2,46.9,35.9,16690995200,2353553408,18.6,157396975616,137002418176,91.7,14404791,16194082
27/02/2023 11:53:53,4,4.1,34.0,4.1,63.4,26.4,16690995200,2247806976,17.9,157396975616,137002422272,91.7,14405026,16194317
27/02/2023 11:53:54,4,74.3,13.4,15.0,37.4,35.025,16690995200,2327367680,18.4,157396975616,137002426368,91.7,14405261,16194552
27/02/2023 11:53:55,4,18.4,5.0,88.0,6.0,29.35,16690995200,2178453504,17.6,157396975616,137002475520,91.7,14458579,16235096
27/02/2023 11:53:56,4,70.4,29.4,49.0,29.7,44.625,16690995200,2115477504,17.2,157396975616,137002913792,91.7,14594017,16409042
27/02/2023 11:53:57,4,51.5,50.0,91.0,46.5,59.75,16690995200,2176925696,17.6,157396975616,137002991616,91.7,14786295,16584876
27/02/2023 11:53:58,4,70.8,71.6,67.3,85.9,73.9,16690995200,2015690752,16.6,157396975616,137003438080,91.7,15114032,16951667
27/02/2023 11:53:59,4,7.1,13.1,15.2,7.1,10.625,16690995200,2016169984,16.6,157396975616,137003732992,91.7,15163382,17001017
27/02/2023 11:54:00,4,6.9,4.2,6.9,8.0,6.5,16690995200,2019962880,16.6,157396975616,137003732992,91.7,15163965,17001442
27/02/2023 11:54:01,4,3.0,4.0,3.1,7.9,4.5,16690995200,2024747008,16.6,157396975616,137003737088,91.7,15164657,17003212
27/02/2023 11:54:02,4,5.1,4.0,6.1,9.1,6.074999999999999,16690995200,2024259584,16.6,157396975616,137003741184,91.7,15164892,17003497
27/02/2023 11:54:03,4,6.9,2.0,5.0,4.0,4.475,16690995200,2024255488,16.6,157396975616,137003741184,91.7,15165197,17003774
27/02/2023 11:54:04,4,6.1,2.0,5.1,7.1,5.074999999999999,16690995200,2024255488,16.6,157396975616,137003741184,91.7,15165550,17004099
27/02/2023 11:54:05,4,3.0,3.0,1.0,6.1,3.275,16690995200,2023739392,16.6,157396975616,137003741184,91.7,15165948,17004407
27/02/2023 11:54:06,4,18.2,18.4,21.0,17.0,18.65,16690995200,2026422272,16.6,157396975616,137003745280,91.7,15166767,17005298
27/02/2023 11:54:07,4,5.9,6.9,5.0,10.9,7.175000000000001,16690995200,2026422272,16.6,157396975616,137003745280,91.7,15167252,17005533
27/02/2023 11:54:08,4,4.9,3.1,6.9,4.1,4.75,16690995200,2026422272,16.6,157396975616,137003745280,91.7,15167581,17005768
27/02/2023 11:54:09,4,3.1,3.0,4.0,5.0,3.775,16690995200,2026422272,16.6,157396975616,137003745280,91.7,15167910,17006135
27/02/2023 11:54:10,4,5.9,4.0,5.9,4.0,4.95,16690995200,2026422272,16.6,157396975616,137003745280,91.7,15168145,17006456
27/02/2023 11:54:11,4,3.1,4.1,6.1,3.0,4.074999999999999,16690995200,2026557440,16.6,157396975616,137003749376,91.7,15169516,17007673
27/02/2023 11:54:12,4,0.0,5.9,7.0,4.0,4.225,16690995200,2026577920,16.6,157396975616,137003749376,91.7,15170360,17007908
27/02/2023 11:54:13,4,4.0,5.9,4.0,5.8,4.925,16690995200,2026319872,16.6,157396975616,137003749376,91.7,15170595,17008143
27/02/2023 11:54:14,4,17.2,7.2,12.4,10.3,11.774999999999999,16690995200,2026225664,16.6,157396975616,137003749376,91.7,15170830,17008378
27/02/2023 11:54:15,4,9.0,17.3,10.4,7.1,10.950000000000001,16690995200,2026110976,16.6,157396975616,137003753472,91.7,15171065,17008699
27/02/2023 11:54:16,4,24.5,29.6,31.7,31.3,29.275,16690995200,2022932480,16.7,157396975616,137003757568,91.7,15171756,17009236
27/02/2023 11:54:17,4,6.1,5.2,11.5,16.2,9.75,16690995200,2022490112,16.7,157396975616,137003757568,91.7,15171991,17009471
27/02/2023 11:54:18,4,20.4,15.5,24.2,16.3,19.099999999999998,16690995200,2011049984,16.6,157396975616,137003757568,91.7,15172226,17009792
27/02/2023 11:54:19,4,5.0,4.0,7.2,5.1,5.324999999999999,16690995200,2012614656,16.6,157396975616,137003757568,91.7,15172649,17010159
27/02/2023 11:54:20,4,5.0,4.1,2.0,6.9,4.5,16690995200,2016563200,16.6,157396975616,137003761664,91.7,15172884,17010394
27/02/2023 11:54:21,4,2.1,5.9,3.0,6.0,4.25,16690995200,2016718848,16.6,157396975616,137003761664,91.7,15173575,17010931
27/02/2023 11:54:22,4,4.0,6.1,4.1,5.0,4.8,16690995200,2016837632,16.6,157396975616,137003761664,91.7,15173810,17011166
27/02/2023 11:54:23,4,5.1,5.1,4.0,4.0,4.55,16690995200,2016854016,16.6,157396975616,137003761664,91.7,15174045,17011487
27/02/2023 11:54:24,4,5.0,7.1,5.0,5.0,5.525,16690995200,2017366016,16.6,157396975616,137003765760,91.7,15174280,17011722
27/02/2023 11:54:26,4,2.1,5.0,2.0,5.0,3.525,16690995200,2017456128,16.6,157396975616,137003765760,91.7,15174515,17011957
27/02/2023 11:54:27,4,8.1,12.1,9.9,8.1,9.55,16690995200,2019381248,16.6,157396975616,137003769856,91.7,15175206,17012494
27/02/2023 11:54:28,4,15.0,13.9,14.3,14.1,14.325000000000001,16690995200,2019717120,16.6,157396975616,137003765760,91.7,15175441,17012729
27/02/2023 11:54:29,4,5.2,8.2,8.9,6.1,7.1,16690995200,2019729408,16.6,157396975616,137003769856,91.7,15175676,17013050
27/02/2023 11:54:30,4,4.0,7.8,4.0,3.0,4.7,16690995200,2019725312,16.6,157396975616,137003773952,91.7,15176099,17013417
27/02/2023 11:54:31,4,5.0,9.0,8.9,4.0,6.725,16690995200,2019725312,16.6,157396975616,137003773952,91.7,15176334,17013652
27/02/2023 11:54:32,4,3.0,5.1,5.0,4.0,4.275,16690995200,2020368384,16.6,157396975616,137003773952,91.7,15177025,17014275
27/02/2023 11:54:33,4,4.0,3.0,5.1,5.9,4.5,16690995200,2020458496,16.6,157396975616,137003773952,91.7,15177260,17014510
27/02/2023 11:54:34,4,5.9,3.0,7.9,2.0,4.7,16690995200,2020454400,16.6,157396975616,137003778048,91.7,15177956,17015028
27/02/2023 11:54:35,4,4.2,12.4,10.0,7.1,8.425,16690995200,2019831808,16.6,157396975616,137003778048,91.7,15178191,17015263
27/02/2023 11:54:36,4,6.0,2.1,4.1,3.1,3.8249999999999997,16690995200,2019831808,16.6,157396975616,137003778048,91.7,15178426,17015498
27/02/2023 11:54:37,4,4.1,6.2,10.0,8.0,7.075,16690995200,2019962880,16.6,157396975616,137003782144,91.7,15188246,17025164
27/02/2023 11:54:38,4,23.2,10.2,18.8,16.3,17.125,16690995200,2020630528,16.6,157396975616,137003786240,91.7,15188481,17025399
27/02/2023 11:54:39,4,6.0,5.0,5.9,5.8,5.675,16690995200,2020892672,16.6,157396975616,137003786240,91.7,15188716,17025634
27/02/2023 11:54:40,4,3.0,5.1,7.1,3.0,4.55,16690995200,2022825984,16.6,157396975616,137003786240,91.7,15189139,17026001
27/02/2023 11:54:41,4,4.0,5.1,7.8,2.0,4.725,16690995200,2022924288,16.6,157396975616,137003786240,91.7,15189374,17026322
27/02/2023 11:54:42,4,3.0,5.1,4.0,4.0,4.025,16690995200,2022531072,16.6,157396975616,137003786240,91.7,15190065,17026859
27/02/2023 11:54:43,4,5.0,5.1,5.0,2.1,4.3,16690995200,2022760448,16.6,157396975616,137003790336,91.7,15190300,17027094
27/02/2023 11:54:44,4,6.9,3.0,3.0,2.0,3.725,16690995200,2022825984,16.6,157396975616,137003790336,91.7,15190535,17027329
27/02/2023 11:54:45,4,7.0,5.0,0.0,1.0,3.25,16690995200,2022809600,16.6,157396975616,137003790336,91.7,15190770,17027564
27/02/2023 11:54:46,4,10.5,2.0,2.0,2.0,4.125,16690995200,2022535168,16.6,157396975616,137003790336,91.7,15191005,17027799
27/02/2023 11:54:47,4,4.0,6.0,5.9,3.1,4.75,16690995200,2022789120,16.6,157396975616,137003794432,91.7,15191696,17028336
27/02/2023 11:54:48,4,20.0,18.2,17.3,12.9,17.1,16690995200,2019614720,16.6,157396975616,137003794432,91.7,15191931,17028571
27/02/2023 11:54:49,4,3.1,5.0,4.0,6.1,4.55,16690995200,2019614720,16.6,157396975616,137003794432,91.7,15192166,17028806
27/02/2023 11:54:50,4,4.0,3.0,6.9,1.0,3.725,16690995200,2019614720,16.6,157396975616,137003794432,91.7,15192589,17029259
27/02/2023 11:54:51,4,5.0,3.0,6.1,2.0,4.025,16690995200,2019614720,16.6,157396975616,137003794432,91.7,15192824,17029494
27/02/2023 11:54:52,4,3.0,1.0,5.0,7.0,4.0,16690995200,2019610624,16.6,157396975616,137003798528,91.7,15193515,17030031
27/02/2023 11:54:53,4,5.1,4.0,1.0,4.0,3.525,16690995200,2019598336,16.6,157396975616,137003798528,91.7,15193750,17030266
27/02/2023 11:54:54,4,3.0,2.0,5.9,3.1,3.5,16690995200,2019598336,16.6,157396975616,137003798528,91.7,15194438,17030699
27/02/2023 11:54:55,4,5.1,5.0,3.0,5.9,4.75,16690995200,2019598336,16.6,157396975616,137003798528,91.7,15194673,17030934
27/02/2023 11:54:56,4,3.0,6.0,3.0,4.1,4.025,16690995200,2019594240,16.6,157396975616,137003802624,91.7,15194908,17031169
27/02/2023 11:54:57,4,3.0,7.0,5.9,5.0,5.225,16690995200,2019528704,16.6,157396975616,137003802624,91.7,15195599,17031706
27/02/2023 11:54:58,4,13.3,16.2,19.2,18.8,16.875,16690995200,2021269504,16.6,157396975616,137003802624,91.7,15195834,17032027
27/02/2023 11:54:59,4,19.2,20.8,21.2,21.8,20.75,16690995200,2019418112,16.6,157396975616,137003794432,91.7,15183894,16946928
27/02/2023 11:55:00,4,34.7,41.4,38.1,39.0,38.3,16690995200,2011713536,16.6,157396975616,137003790336,91.7,15190012,16952749
27/02/2023 11:55:01,4,24.5,19.4,12.5,16.5,18.225,16690995200,2011721728,16.5,157396975616,137003802624,91.7,15197795,16964810
27/02/2023 11:55:02,4,26.3,40.4,25.5,39.0,32.8,16690995200,1359732736,11.6,157396975616,137002528768,91.7,15207678,16973517
27/02/2023 11:55:03,4,51.0,51.5,54.6,57.0,53.525,16690995200,1312665600,11.2,157396975616,137002524672,91.7,6536845,7514638
27/02/2023 11:55:04,4,15.3,9.4,14.0,12.0,12.675,16690995200,1312382976,11.2,157396975616,137002528768,91.7,6537284,7515110
27/02/2023 11:55:05,4,17.5,12.2,10.4,13.4,13.375,16690995200,1306202112,11.1,157396975616,137002532864,91.7,6540274,7517725
27/02/2023 11:55:06,4,5.0,6.0,4.0,2.0,4.25,16690995200,1306357760,11.1,157396975616,137002569728,91.7,6543264,7520340
27/02/2023 11:55:07,4,5.0,3.0,2.0,3.0,3.25,16690995200,1304797184,11.1,157396975616,137002532864,91.7,6543264,7520340
27/02/2023 11:55:08,4,3.0,1.0,1.0,0.0,1.25,16690995200,1311895552,11.1,157396975616,137002532864,91.7,6543264,7520426
27/02/2023 11:55:09,4,3.0,3.9,1.0,2.9,2.7,16690995200,1311891456,11.1,157396975616,137002536960,91.7,6543878,7521088
27/02/2023 11:55:10,4,2.0,0.0,1.0,0.0,0.75,16690995200,1311391744,11.1,157396975616,137002536960,91.7,6543878,7521088
27/02/2023 11:55:11,4,4.0,2.0,2.9,1.0,2.475,16690995200,1311375360,11.1,157396975616,137002536960,91.7,6544066,7521220
27/02/2023 11:55:12,4,1.0,1.0,2.9,2.9,1.9500000000000002,16690995200,1311105024,11.1,157396975616,137002536960,91.7,6544066,7521220
27/02/2023 11:55:13,4,3.0,1.0,2.0,2.0,2.0,16690995200,1311105024,11.1,157396975616,137002536960,91.7,6544066,7521220
27/02/2023 11:55:14,4,3.0,2.0,0.0,4.0,2.25,16690995200,1311100928,11.1,157396975616,137002541056,91.7,6544066,7521220
27/02/2023 11:55:15,4,3.9,2.0,2.0,2.0,2.475,16690995200,1311141888,11.1,157396975616,137002541056,91.7,6544066,7521220
27/02/2023 11:55:16,4,1.0,0.0,1.0,2.0,1.0,16690995200,1311141888,11.1,157396975616,137002541056,91.7,6544066,7521220
27/02/2023 11:55:17,4,3.0,0.0,2.0,2.0,1.75,16690995200,1310978048,11.1,157396975616,137002541056,91.7,6544066,7521306
27/02/2023 11:55:18,4,1.0,2.0,1.0,2.0,1.5,16690995200,1310937088,11.1,157396975616,137002545152,91.7,6544066,7521306
27/02/2023 11:55:19,4,2.0,1.0,2.0,2.9,1.975,16690995200,1310937088,11.1,157396975616,137002545152,91.7,6544066,7521306
27/02/2023 11:55:20,4,0.0,1.0,2.0,0.0,0.75,16690995200,1310871552,11.1,157396975616,137002545152,91.7,6544066,7521306
27/02/2023 11:55:21,4,2.0,1.0,4.0,0.0,1.75,16690995200,1310887936,11.1,157396975616,137002545152,91.7,6544254,7521438
27/02/2023 11:55:22,4,1.0,1.0,3.0,1.0,1.5,16690995200,1310941184,11.1,157396975616,137002545152,91.7,6544254,7521438
27/02/2023 11:55:23,4,1.0,2.0,3.0,3.0,2.25,16690995200,1310937088,11.1,157396975616,137002549248,91.7,6544254,7521438
27/02/2023 11:55:24,4,0.0,0.0,1.0,2.0,0.75,16690995200,1310937088,11.1,157396975616,137002549248,91.7,6544254,7524376
27/02/2023 11:55:25,4,0.0,0.0,3.0,3.0,1.5,16690995200,1310720000,11.1,157396975616,137002549248,91.7,6544254,7524376
27/02/2023 11:55:26,4,2.0,0.0,3.0,2.9,1.975,16690995200,1310662656,11.1,157396975616,137002549248,91.7,6544254,7524462
27/02/2023 11:55:27,4,1.0,1.0,2.0,1.0,1.25,16690995200,1310388224,11.1,157396975616,137002553344,91.7,6544254,7524462
27/02/2023 11:55:28,4,2.0,1.0,2.0,2.0,1.75,16690995200,1310388224,11.1,157396975616,137002553344,91.7,6544254,7524462
27/02/2023 11:55:29,4,50.0,17.8,8.2,6.0,20.5,16690995200,1311154176,11.1,157396975616,137002557440,91.7,6544254,7524462
27/02/2023 11:55:30,4,4.0,2.0,3.0,0.0,2.25,16690995200,1309962240,11.1,157396975616,137002557440,91.7,6544254,7524548
27/02/2023 11:55:31,4,4.0,1.0,5.0,0.0,2.5,16690995200,1310138368,11.1,157396975616,137002557440,91.7,6544442,7524680
27/02/2023 11:55:32,4,1.0,0.0,2.0,1.0,1.0,16690995200,1309786112,11.1,157396975616,137002561536,91.7,6544442,7524680
27/02/2023 11:55:33,4,1.0,2.0,3.0,2.0,2.0,16690995200,1309511680,11.1,157396975616,137002561536,91.7,6544442,7524680
27/02/2023 11:55:34,4,7.9,2.0,5.1,3.0,4.5,16690995200,1309499392,11.1,157396975616,137002561536,91.7,6544442,7524680
27/02/2023 11:55:35,4,2.0,1.0,2.0,2.0,1.75,16690995200,1309499392,11.1,157396975616,137002561536,91.7,6544442,7524680
27/02/2023 11:55:36,4,2.0,2.0,1.0,1.0,1.5,16690995200,1309495296,11.1,157396975616,137002565632,91.7,6544570,7524680
27/02/2023 11:55:37,4,2.0,2.0,5.9,3.0,3.225,16690995200,1309769728,11.1,157396975616,137002565632,91.7,6545229,7525343
27/02/2023 11:55:38,4,1.0,0.0,5.0,4.0,2.5,16690995200,1309241344,11.1,157396975616,137002569728,91.7,6545229,7525343
27/02/2023 11:55:39,4,0.0,2.0,4.0,2.0,2.0,16690995200,1308971008,11.1,157396975616,137002569728,91.7,6545229,7525343
27/02/2023 11:55:40,4,1.0,0.0,2.0,0.0,0.75,16690995200,1308721152,11.1,157396975616,137002569728,91.7,6545229,7525429
27/02/2023 11:55:41,4,2.9,2.0,3.0,1.0,2.225,16690995200,1308704768,11.1,157396975616,137002573824,91.7,6545417,7525561
27/02/2023 11:55:42,4,0.0,0.0,3.0,1.0,1.0,16690995200,1308704768,11.1,157396975616,137002573824,91.7,6545417,7525561
27/02/2023 11:55:43,4,1.0,3.9,3.0,1.0,2.225,16690995200,1308704768,11.1,157396975616,137002573824,91.7,6545417,7525561
27/02/2023 11:55:44,4,1.0,0.0,4.0,1.0,1.5,16690995200,1308704768,11.1,157396975616,137002573824,91.7,6545417,7525561
27/02/2023 11:55:45,4,1.0,1.0,2.0,1.0,1.25,16690995200,1308704768,11.1,157396975616,137002577920,91.7,6545417,7525561
27/02/2023 11:55:46,4,0.0,0.0,4.0,2.0,1.5,16690995200,1308704768,11.1,157396975616,137002577920,91.7,6545417,7525561
27/02/2023 11:55:47,4,1.0,0.0,2.0,1.0,1.0,16690995200,1308704768,11.1,157396975616,137002577920,91.7,6545417,7525561
27/02/2023 11:55:48,4,2.0,2.0,3.0,0.0,1.75,16690995200,1308704768,11.1,157396975616,137002577920,91.7,6545417,7525561
27/02/2023 11:55:49,4,1.0,1.0,3.0,2.0,1.75,16690995200,1308684288,11.1,157396975616,137002582016,91.7,6545417,7526899
27/02/2023 11:55:50,4,2.0,1.0,1.0,1.0,1.25,16690995200,1308606464,11.1,157396975616,137002582016,91.7,6545417,7526985
27/02/2023 11:55:51,4,1.0,1.0,1.0,4.0,1.75,16690995200,1308606464,11.1,157396975616,137002582016,91.7,6545511,7526985
27/02/2023 11:55:52,4,1.0,1.0,2.0,2.0,1.5,16690995200,1308606464,11.1,157396975616,137002582016,91.7,6545605,7527117
27/02/2023 11:55:53,4,1.0,1.0,2.0,3.0,1.75,16690995200,1308622848,11.1,157396975616,137002582016,91.7,6545605,7527117
27/02/2023 11:55:54,4,1.0,0.0,3.0,3.0,1.75,16690995200,1308618752,11.1,157396975616,137002586112,91.7,6545605,7527117
27/02/2023 11:55:55,4,1.0,1.0,3.0,3.0,2.0,16690995200,1308606464,11.1,157396975616,137002586112,91.7,6545605,7527117
27/02/2023 11:55:56,4,0.0,1.0,0.0,3.0,1.0,16690995200,1308348416,11.1,157396975616,137002586112,91.7,6545605,7527117
27/02/2023 11:55:57,4,0.0,2.0,2.0,2.0,1.5,16690995200,1308332032,11.1,157396975616,137002586112,91.7,6545605,7527117
27/02/2023 11:55:58,4,1.0,2.0,1.0,2.0,1.5,16690995200,1308327936,11.1,157396975616,137002590208,91.7,6545605,7527117
