26/02/2023 03:25:00,4,0.0,0.0,0.0,0.0,0.0,16690987008,1248055296,10.5,157396975616,135138267136,90.5,199073,596771
26/02/2023 03:25:01,4,2.0,1.0,9.1,0.0,3.025,16690987008,1259495424,10.6,157396975616,135138271232,90.5,199167,596813
26/02/2023 03:25:02,4,4.0,0.0,3.0,2.0,2.25,16690987008,1260355584,10.6,157396975616,135138312192,90.5,199261,596987
26/02/2023 03:25:03,4,2.0,2.0,0.0,2.9,1.725,16690987008,1260285952,10.6,157396975616,135138316288,90.5,199261,597616
26/02/2023 03:25:04,4,7.9,5.9,2.0,3.9,4.925,16690987008,1259651072,10.6,157396975616,135138316288,90.5,199261,597658
26/02/2023 03:25:05,4,2.0,3.0,0.0,2.0,1.75,16690987008,1259651072,10.6,157396975616,135138316288,90.5,199261,597700
26/02/2023 03:25:06,4,2.0,4.0,1.0,2.0,2.25,16690987008,1261457408,10.6,157396975616,135138316288,90.5,201389,599870
26/02/2023 03:25:07,4,2.0,1.0,4.0,2.0,2.25,16690987008,1261436928,10.6,157396975616,135138320384,90.5,201389,599998
26/02/2023 03:25:08,4,2.0,2.0,1.0,2.0,1.75,16690987008,1261441024,10.6,157396975616,135138320384,90.5,201389,600040
26/02/2023 03:25:09,4,1.0,3.0,1.0,3.0,2.0,16690987008,1261441024,10.6,157396975616,135138320384,90.5,201389,600082
26/02/2023 03:25:10,4,2.0,1.0,0.0,1.0,1.0,16690987008,1261424640,10.6,157396975616,135138320384,90.5,201389,600124
26/02/2023 03:25:11,4,1.0,3.0,1.0,1.0,1.5,16690987008,1261424640,10.6,157396975616,135138320384,90.5,201389,600166
26/02/2023 03:25:12,4,0.0,2.0,1.0,0.0,0.75,16690987008,1260261376,10.6,157396975616,135138324480,90.5,201577,600615
26/02/2023 03:25:13,4,1.0,3.0,0.0,2.0,1.5,16690987008,1260380160,10.6,157396975616,135138324480,90.5,201577,600657
26/02/2023 03:25:14,4,0.0,3.0,1.0,1.0,1.25,16690987008,1260380160,10.6,157396975616,135138324480,90.5,201740,600836
26/02/2023 03:25:15,4,2.0,3.0,1.0,1.0,1.75,16690987008,1260363776,10.6,157396975616,135138324480,90.5,201740,600878
26/02/2023 03:25:16,4,1.0,1.0,0.0,1.0,0.75,16690987008,1260617728,10.6,157396975616,135138328576,90.5,201740,601006
26/02/2023 03:25:17,4,3.0,2.0,3.0,2.0,2.5,16690987008,1260089344,10.6,157396975616,135138328576,90.5,201810,601090
26/02/2023 03:25:18,4,2.0,3.0,1.0,1.0,1.75,16690987008,1260077056,10.6,157396975616,135138328576,90.5,201810,601090
26/02/2023 03:25:19,4,3.1,4.0,2.0,1.0,2.525,16690987008,1260011520,10.6,157396975616,135138328576,90.5,201916,601218
26/02/2023 03:25:20,4,1.0,0.0,1.0,2.0,1.0,16690987008,1259995136,10.6,157396975616,135138328576,90.5,201916,601260
26/02/2023 03:25:21,4,0.0,2.0,1.0,3.0,1.5,16690987008,1258737664,10.6,157396975616,135138332672,90.5,201916,601302
26/02/2023 03:25:22,4,1.0,0.0,0.0,3.0,1.0,16690987008,1258737664,10.6,157396975616,135138332672,90.5,202104,601562
26/02/2023 03:25:23,4,2.0,2.0,0.0,3.0,1.75,16690987008,1258192896,10.6,157396975616,135138332672,90.5,202104,601562
26/02/2023 03:25:24,4,2.0,2.0,1.0,0.0,1.25,16690987008,1258450944,10.6,157396975616,135138332672,90.5,202104,601821
26/02/2023 03:25:25,4,1.0,2.0,0.0,1.0,1.0,16690987008,1257938944,10.6,157396975616,135138336768,90.5,202218,602158
26/02/2023 03:25:26,4,1.0,5.0,1.0,1.0,2.0,16690987008,1258442752,10.6,157396975616,135138336768,90.5,204346,604545
26/02/2023 03:25:27,4,1.0,2.0,3.0,0.0,1.5,16690987008,1258438656,10.6,157396975616,135138336768,90.5,204346,604804
26/02/2023 03:25:28,4,0.0,3.0,0.0,0.0,0.75,16690987008,1258684416,10.6,157396975616,135138336768,90.5,204346,604846
26/02/2023 03:25:29,4,2.0,2.0,2.0,1.0,1.75,16690987008,1258672128,10.6,157396975616,135138336768,90.5,204346,604888
26/02/2023 03:25:30,4,2.0,2.0,0.0,0.0,1.0,16690987008,1258668032,10.6,157396975616,135138340864,90.5,204346,613521
26/02/2023 03:25:31,4,1.0,2.0,2.0,0.0,1.25,16690987008,1258651648,10.6,157396975616,135138340864,90.5,204346,613649
26/02/2023 03:25:32,4,1.0,2.0,0.0,0.0,0.75,16690987008,1258651648,10.6,157396975616,135138340864,90.5,204534,613823
26/02/2023 03:25:33,4,3.0,2.0,1.0,1.0,1.75,16690987008,1258655744,10.6,157396975616,135138340864,90.5,204534,613865
26/02/2023 03:25:34,4,0.0,3.0,1.0,1.0,1.25,16690987008,1258631168,10.6,157396975616,135138344960,90.5,204534,613993
26/02/2023 03:25:35,4,2.9,3.0,1.0,0.0,1.725,16690987008,1258631168,10.6,157396975616,135138344960,90.5,204534,614035
26/02/2023 03:25:36,4,1.0,2.0,0.0,0.0,0.75,16690987008,1258627072,10.6,157396975616,135138349056,90.5,204534,614077
26/02/2023 03:25:37,4,1.0,2.0,2.0,0.0,1.25,16690987008,1258622976,10.6,157396975616,135138349056,90.5,204604,614161
26/02/2023 03:25:38,4,0.0,3.0,0.0,1.0,1.0,16690987008,1258622976,10.6,157396975616,135138349056,90.5,204604,614203
26/02/2023 03:25:39,4,1.0,0.0,3.0,1.0,1.25,16690987008,1258598400,10.6,157396975616,135138353152,90.5,204604,614245
26/02/2023 03:25:40,4,0.0,1.0,1.0,2.0,1.0,16690987008,1258594304,10.6,157396975616,135138353152,90.5,204604,614505
26/02/2023 03:25:41,4,1.0,2.0,1.0,3.0,1.75,16690987008,1258598400,10.6,157396975616,135138353152,90.5,204604,615086
26/02/2023 03:25:42,4,0.0,3.0,0.0,0.0,0.75,16690987008,1258598400,10.6,157396975616,135138353152,90.5,204792,615427
26/02/2023 03:25:43,4,1.0,2.0,2.9,1.0,1.725,16690987008,1258856448,10.6,157396975616,135138357248,90.5,204792,615535
26/02/2023 03:25:44,4,0.0,4.0,0.0,1.0,1.25,16690987008,1258569728,10.6,157396975616,135138357248,90.5,204792,615852
26/02/2023 03:25:45,4,0.0,2.0,0.0,2.9,1.225,16690987008,1258631168,10.6,157396975616,135138357248,90.5,204792,615894
26/02/2023 03:25:46,4,1.0,3.0,2.0,2.0,2.0,16690987008,1258823680,10.6,157396975616,135138357248,90.5,206920,618064
26/02/2023 03:25:47,4,5.1,5.9,11.1,5.0,6.775,16690987008,1258348544,10.6,157396975616,135138357248,90.5,206920,618106
26/02/2023 03:25:48,4,2.0,3.2,17.5,5.1,6.949999999999999,16690987008,1255374848,10.6,157396975616,135138398208,90.5,206920,618509
26/02/2023 03:25:49,4,18.8,12.0,11.7,15.5,14.5,16690987008,1248047104,10.6,157396975616,135138398208,90.5,206920,618509
26/02/2023 03:25:50,4,20.2,6.3,3.1,12.9,10.625,16690987008,1248567296,10.7,157396975616,135138398208,90.5,206920,618551
26/02/2023 03:25:51,4,12.2,14.0,13.5,15.0,13.675,16690987008,1255432192,10.7,157396975616,135138398208,90.5,206920,618551
26/02/2023 03:25:53,4,0.0,3.0,5.9,1.0,2.475,16690987008,1256329216,10.7,157396975616,135138402304,90.5,206920,618551
26/02/2023 03:25:54,4,2.0,1.0,2.0,2.9,1.975,16690987008,1258270720,10.6,157396975616,135138402304,90.5,207108,618683
26/02/2023 03:25:55,4,1.0,9.5,13.9,16.8,10.3,16690987008,1258147840,10.6,157396975616,135138402304,90.5,207108,618683
26/02/2023 03:25:56,4,3.0,5.1,6.0,1.0,3.775,16690987008,1258160128,10.6,157396975616,135138402304,90.5,207108,618683
26/02/2023 03:25:57,4,1.0,0.0,3.0,1.0,1.25,16690987008,1258221568,10.6,157396975616,135138402304,90.5,207226,619134
26/02/2023 03:25:58,4,2.0,0.0,4.0,3.0,2.25,16690987008,1258385408,10.6,157396975616,135138406400,90.5,207226,619134
26/02/2023 03:25:59,4,2.9,3.0,3.0,3.9,3.2,16690987008,1258401792,10.6,157396975616,135138406400,90.5,207226,619134
26/02/2023 03:26:00,4,3.0,2.0,3.0,0.0,2.0,16690987008,1258434560,10.6,157396975616,135138406400,90.5,207226,619134
26/02/2023 03:26:01,4,2.0,2.0,4.0,40.4,12.1,16690987008,1286066176,10.8,157396975616,135138406400,90.5,207226,619134
26/02/2023 03:26:02,4,85.0,30.9,52.0,38.0,51.475,16690987008,1350094848,11.3,157396975616,135138410496,90.5,207296,619176
26/02/2023 03:26:03,4,75.5,44.6,77.5,37.3,58.724999999999994,16690987008,1432039424,11.8,157396975616,135138451456,90.5,217945,629825
26/02/2023 03:26:04,4,75.7,92.1,77.5,86.7,83.0,16690987008,1623244800,12.9,157396975616,135138410496,90.5,326775,738933
26/02/2023 03:26:05,4,91.9,90.0,90.0,93.1,91.25,16690987008,1718837248,13.6,157396975616,135138422784,90.5,742657,1154815
26/02/2023 03:26:06,4,99.0,95.9,98.0,96.0,97.225,16690987008,1798840320,15.0,157396975616,135138430976,90.5,1124947,1541132
26/02/2023 03:26:07,4,98.0,99.0,96.0,97.0,97.5,16690987008,1917796352,15.5,157396975616,135138455552,90.5,1486802,1914611
26/02/2023 03:26:08,4,95.0,97.0,92.0,99.0,95.75,16690987008,2027700224,16.2,157396975616,135138488320,90.5,1903139,2350843
26/02/2023 03:26:09,4,100.0,100.0,100.0,99.0,99.75,16690987008,2235654144,17.4,157396975616,135138521088,90.5,2593396,3041129
26/02/2023 03:26:10,4,100.0,100.0,100.0,100.0,100.0,16690987008,2358669312,18.2,157396975616,135138570240,90.5,4127214,4574947
26/02/2023 03:26:11,4,100.0,100.0,100.0,100.0,100.0,16690987008,2366578688,18.2,157396975616,135138570240,90.5,5918234,6365939
26/02/2023 03:26:12,4,100.0,100.0,100.0,100.0,100.0,16690987008,2384265216,18.3,157396975616,135138574336,90.5,6571261,7018966
26/02/2023 03:26:13,4,100.0,100.0,100.0,100.0,100.0,16690987008,2372939776,18.2,157396975616,135138582528,90.5,6869442,7317508
26/02/2023 03:26:14,4,100.0,100.0,100.0,100.0,100.0,16690987008,2380541952,18.3,157396975616,135138586624,90.5,7224861,7672871
26/02/2023 03:26:15,4,100.0,100.0,100.0,100.0,100.0,16690987008,2399096832,18.4,157396975616,135138594816,90.5,7616360,8064370
26/02/2023 03:26:16,4,100.0,100.0,100.0,100.0,100.0,16690987008,2393153536,18.4,157396975616,135138611200,90.5,8703194,9151082
26/02/2023 03:26:17,4,89.8,91.0,94.9,95.0,92.67500000000001,16690987008,2447360000,18.8,157396975616,135139721216,90.5,9904238,10351888
26/02/2023 03:26:18,4,92.9,87.6,90.8,89.0,90.075,16690987008,2479366144,19.2,157396975616,135141924864,90.5,10527864,10975618
26/02/2023 03:26:19,4,80.0,62.6,68.4,64.6,68.9,16690987008,2485477376,19.2,157396975616,135141941248,90.5,11128171,11575925
26/02/2023 03:26:20,4,58.2,62.5,69.1,64.9,63.675000000000004,16690987008,2480783360,19.3,157396975616,135142096896,90.5,11712508,12160262
26/02/2023 03:26:21,4,50.0,54.1,52.4,58.6,53.775,16690987008,2476130304,19.3,157396975616,135142113280,90.5,12373253,12821093
26/02/2023 03:26:22,4,54.0,46.3,62.4,50.5,53.3,16690987008,2476814336,19.3,157396975616,135141883904,90.5,12903746,13351586
26/02/2023 03:26:23,4,53.0,46.5,51.5,58.3,52.325,16690987008,2463780864,19.1,157396975616,135141896192,90.5,13509738,13957578
26/02/2023 03:26:24,4,62.0,53.7,62.6,51.0,57.325,16690987008,2448220160,19.1,157396975616,135141916672,90.5,14134141,14581925
26/02/2023 03:26:25,4,43.6,63.6,47.1,69.3,55.900000000000006,16690987008,2449707008,19.1,157396975616,135141933056,90.5,14787794,15235578
26/02/2023 03:26:26,4,55.6,52.5,50.0,45.4,50.875,16690987008,2466447360,19.2,157396975616,135141949440,90.5,15398363,15846053
26/02/2023 03:26:27,4,61.2,34.3,52.9,51.5,49.975,16690987008,2444931072,19.0,157396975616,135141961728,90.5,15985907,16433583
26/02/2023 03:26:28,4,56.4,38.2,51.0,60.0,51.4,16690987008,2456141824,19.1,157396975616,135141982208,90.5,16649212,17096970
26/02/2023 03:26:29,4,59.6,56.1,60.6,43.4,54.925000000000004,16690987008,2467622912,19.2,157396975616,135142002688,90.5,17301267,17749067
26/02/2023 03:26:30,4,61.5,51.0,48.5,45.1,51.525,16690987008,2442133504,19.0,157396975616,135142014976,90.5,17985048,18432890
26/02/2023 03:26:31,4,59.6,53.5,37.8,63.3,53.55,16690987008,2442559488,19.0,157396975616,135142031360,90.5,18637889,19085817
26/02/2023 03:26:32,4,77.7,32.7,66.0,26.7,50.775,16690987008,2437275648,19.0,157396975616,135142055936,90.5,19244451,19692379
26/02/2023 03:26:33,4,61.4,46.5,60.0,45.9,53.45,16690987008,2466754560,19.1,157396975616,135142068224,90.5,19843224,20291152
26/02/2023 03:26:34,4,34.3,77.8,39.4,53.5,51.25,16690987008,2452463616,19.1,157396975616,135142088704,90.5,20475675,20923575
26/02/2023 03:26:35,4,57.4,56.1,66.0,37.1,54.15,16690987008,2454343680,19.1,157396975616,135142109184,90.5,21132486,21580358
26/02/2023 03:26:36,4,48.5,62.2,48.5,59.4,54.65,16690987008,2443976704,19.0,157396975616,135142129664,90.5,21787128,22235000
26/02/2023 03:26:37,4,42.6,55.4,37.4,62.6,49.5,16690987008,2438168576,19.0,157396975616,135142146048,90.5,22368774,22816590
26/02/2023 03:26:38,4,37.4,79.4,28.3,70.0,53.775000000000006,16690987008,2460311552,19.1,157396975616,135142158336,90.5,22979512,23427274
26/02/2023 03:26:39,4,67.0,44.9,44.6,59.2,53.925,16690987008,2449244160,19.0,157396975616,135142178816,90.5,23623187,24070949
26/02/2023 03:26:40,4,49.5,65.0,37.0,54.1,51.4,16690987008,2425720832,18.9,157396975616,135142195200,90.5,24321377,24769111
26/02/2023 03:26:41,4,64.0,48.0,59.0,34.3,51.325,16690987008,2462023680,19.1,157396975616,135142215680,90.5,24974437,25422435
26/02/2023 03:26:42,4,52.0,43.6,54.4,38.8,47.2,16690987008,2427375616,18.9,157396975616,135142232064,90.5,25560340,26008745
26/02/2023 03:26:43,4,49.5,61.8,52.6,54.0,54.475,16690987008,2447552512,19.0,157396975616,135142252544,90.5,26246302,26695032
26/02/2023 03:26:44,4,42.6,56.4,54.0,62.6,53.9,16690987008,2429263872,18.9,157396975616,135142264832,90.5,26936504,27385198
26/02/2023 03:26:45,4,35.4,63.1,43.9,67.0,52.35,16690987008,2465792000,19.1,157396975616,135142289408,90.5,27604317,28053230
26/02/2023 03:26:46,4,61.2,38.4,55.0,46.1,50.175,16690987008,2466377728,19.1,157396975616,135142301696,90.5,28143182,28592181
26/02/2023 03:26:47,4,71.3,42.4,51.5,36.7,50.474999999999994,16690987008,2474409984,19.2,157396975616,135142318080,90.5,28803028,29251971
26/02/2023 03:26:48,4,59.6,45.1,69.6,34.3,52.150000000000006,16690987008,2460602368,19.1,157396975616,135142334464,90.5,29447023,29895910
26/02/2023 03:26:49,4,45.9,40.8,63.6,45.0,48.824999999999996,16690987008,2451206144,19.0,157396975616,135142359040,90.5,30126641,30575719
26/02/2023 03:26:50,4,46.0,50.0,54.9,57.8,52.175,16690987008,2458771456,19.1,157396975616,135142371328,90.5,30745792,31194870
26/02/2023 03:26:51,4,48.5,60.0,66.0,44.1,54.65,16690987008,2456862720,19.1,157396975616,135142387712,90.5,31444549,31893627
26/02/2023 03:26:52,4,64.4,29.3,68.0,39.0,50.175,16690987008,2444533760,19.0,157396975616,135142404096,90.5,32030533,32479697
26/02/2023 03:26:53,4,45.5,59.0,47.5,51.0,50.75,16690987008,2418368512,18.9,157396975616,135142432768,90.5,32710328,33159546
26/02/2023 03:26:54,4,42.9,61.0,49.0,55.6,52.125,16690987008,2453463040,19.1,157396975616,135142453248,90.5,33353251,33802469
26/02/2023 03:26:55,4,51.0,57.1,40.8,66.0,53.724999999999994,16690987008,2436972544,19.0,157396975616,135142469632,90.5,34046105,34495267
26/02/2023 03:26:56,4,66.0,38.0,67.7,34.7,51.599999999999994,16690987008,2457817088,19.1,157396975616,135142486016,90.5,34653544,35102706
26/02/2023 03:26:57,4,41.4,69.2,41.8,50.0,50.599999999999994,16690987008,2450640896,19.0,157396975616,135142502400,90.5,35295468,35744849
26/02/2023 03:26:58,4,54.5,48.5,55.6,53.5,53.025,16690987008,2446532608,19.0,157396975616,135142518784,90.5,35885929,36335188
26/02/2023 03:26:59,4,48.5,39.8,61.2,50.0,49.875,16690987008,2462007296,19.1,157396975616,135142535168,90.5,36479096,36928337
26/02/2023 03:27:00,4,55.9,52.0,59.6,35.1,50.65,16690987008,2447388672,19.0,157396975616,135142547456,90.5,37061490,37510817
26/02/2023 03:27:01,4,53.0,61.0,62.2,65.3,60.375,16690987008,2464231424,19.2,157396975616,135142563840,90.5,37638167,38087494
26/02/2023 03:27:02,4,94.0,93.1,87.8,93.0,91.975,16690987008,2500689920,19.4,157396975616,135142715392,90.5,39059581,39508880
26/02/2023 03:27:03,4,97.0,97.0,93.1,95.9,95.75,16690987008,2548568064,19.7,157396975616,135142846464,90.5,39771307,40220746
26/02/2023 03:27:04,4,72.7,71.7,75.8,66.7,71.725,16690987008,2494590976,19.4,157396975616,135142723584,90.5,40641188,41069996
26/02/2023 03:27:05,4,100.0,99.0,100.0,100.0,99.75,16690987008,2628902912,20.2,157396975616,135142748160,90.5,41403442,41832247
26/02/2023 03:27:06,4,100.0,100.0,99.0,99.0,99.5,16690987008,2601697280,20.0,157396975616,135142768640,90.5,42977918,43406569
26/02/2023 03:27:07,4,59.0,52.5,67.0,59.4,59.475,16690987008,2513928192,19.4,157396975616,135142797312,90.5,43809382,44237977
26/02/2023 03:27:08,4,60.4,64.6,68.3,67.3,65.15,16690987008,2597859328,20.0,157396975616,135142809600,90.5,44604203,45032742
26/02/2023 03:27:09,4,100.0,100.0,99.0,99.0,99.5,16690987008,2664382464,20.4,157396975616,135142846464,90.5,45144382,45572839
26/02/2023 03:27:10,4,99.0,99.0,98.0,98.0,98.5,16690987008,2810195968,21.3,157396975616,135142899712,90.5,46526511,46954932
26/02/2023 03:27:11,4,95.9,91.9,96.9,93.0,94.42500000000001,16690987008,2960064512,22.2,157396975616,135143292928,90.5,47178652,47607073
26/02/2023 03:27:12,4,82.0,83.3,84.5,82.5,83.075,16690987008,3062853632,22.8,157396975616,135143370752,90.5,47689991,48118412
26/02/2023 03:27:13,4,89.0,80.6,83.5,79.0,83.025,16690987008,3088060416,22.9,157396975616,135143378944,90.5,48226654,48655350
26/02/2023 03:27:14,4,96.0,96.1,94.1,98.0,96.05,16690987008,3213885440,23.7,157396975616,135143387136,90.5,48689205,49117901
26/02/2023 03:27:15,4,98.0,100.0,100.0,99.0,99.25,16690987008,3276234752,24.1,157396975616,135143432192,90.5,49459066,49887640
26/02/2023 03:27:16,4,100.0,98.0,100.0,100.0,99.5,16690987008,2799923200,21.2,157396975616,135144054784,90.5,50031818,50460402
26/02/2023 03:27:17,4,59.0,77.2,55.6,76.2,67.0,16690987008,2539409408,19.7,157396975616,135144062976,90.5,51091154,51519738
26/02/2023 03:27:18,4,61.2,58.6,56.9,70.8,61.875,16690987008,2570457088,19.9,157396975616,135144124416,90.5,51928217,52356887
26/02/2023 03:27:19,4,99.0,100.0,100.0,100.0,99.75,16690987008,2667151360,20.4,157396975616,135144153088,90.5,52626661,53055191
26/02/2023 03:27:20,4,100.0,100.0,99.0,100.0,99.75,16690987008,2963304448,22.2,157396975616,135144210432,90.5,53821466,54249996
26/02/2023 03:27:21,4,100.0,100.0,100.0,100.0,100.0,16690987008,3145527296,23.3,157396975616,135144255488,90.5,54304880,54733410
26/02/2023 03:27:22,4,100.0,100.0,100.0,100.0,100.0,16690987008,3276476416,24.0,157396975616,135144382464,90.5,54636679,55065209
26/02/2023 03:27:23,4,99.0,95.0,99.0,99.0,98.0,16690987008,2593271808,19.9,157396975616,135144890368,90.5,55501007,55929623
26/02/2023 03:27:24,4,62.0,60.0,61.2,63.6,61.699999999999996,16690987008,2528301056,19.6,157396975616,135144943616,90.5,56368084,56796700
26/02/2023 03:27:25,4,99.0,96.9,98.0,97.0,97.725,16690987008,2653593600,20.3,157396975616,135144960000,90.5,57122387,57551399
26/02/2023 03:27:26,4,100.0,100.0,99.0,100.0,99.75,16690987008,2912579584,21.9,157396975616,135145054208,90.5,58399663,58828714
26/02/2023 03:27:27,4,100.0,100.0,100.0,100.0,100.0,16690987008,3065188352,22.8,157396975616,135146299392,90.5,58787054,59216388
26/02/2023 03:27:28,4,96.0,99.0,85.9,94.1,93.75,16690987008,2649059328,20.3,157396975616,135146487808,90.5,59459460,59889190
26/02/2023 03:27:29,4,70.3,50.5,80.4,62.9,66.02499999999999,16690987008,2544869376,19.6,157396975616,135146430464,90.5,60415606,60845150
26/02/2023 03:27:30,4,96.0,91.9,95.0,97.1,95.0,16690987008,2649042944,20.3,157396975616,135146496000,90.5,61437325,61869514
26/02/2023 03:27:31,4,100.0,100.0,99.0,100.0,99.75,16690987008,2759049216,21.0,157396975616,135146549248,90.5,62664786,63103789
26/02/2023 03:27:32,4,100.0,100.0,100.0,100.0,100.0,16690987008,3080523776,22.9,157396975616,135146582016,90.5,63103780,63542783
26/02/2023 03:27:33,4,100.0,100.0,100.0,100.0,100.0,16690987008,3222192128,23.7,157396975616,135146622976,90.5,63543304,63982307
26/02/2023 03:27:34,4,100.0,100.0,100.0,100.0,100.0,16690987008,3173613568,23.4,157396975616,135146946560,90.5,63975986,64415075
26/02/2023 03:27:35,4,72.5,91.9,91.9,95.0,87.825,16690987008,2732523520,20.8,157396975616,135147102208,90.5,64954924,65394013
26/02/2023 03:27:36,4,73.7,86.0,94.1,85.9,84.925,16690987008,2595061760,19.9,157396975616,135147388928,90.5,65671466,66110471
26/02/2023 03:27:37,4,99.0,97.1,98.0,97.0,97.775,16690987008,2633281536,20.2,157396975616,135147417600,90.5,66569519,67008496
26/02/2023 03:27:38,4,100.0,100.0,100.0,99.0,99.75,16690987008,2913320960,21.9,157396975616,135147466752,90.5,67657930,68096907
26/02/2023 03:27:39,4,100.0,100.0,100.0,100.0,100.0,16690987008,2862309376,21.6,157396975616,135147933696,90.5,68449695,68888616
26/02/2023 03:27:40,4,99.0,100.0,100.0,100.0,99.75,16690987008,2962743296,22.2,157396975616,135147982848,90.5,69124734,69563571
26/02/2023 03:27:41,4,100.0,100.0,100.0,100.0,100.0,16690987008,3073384448,22.8,157396975616,135148224512,90.5,69655762,70094863
26/02/2023 03:27:42,4,100.0,100.0,100.0,100.0,100.0,16690987008,3170664448,23.4,157396975616,135148564480,90.5,70358632,70798140
26/02/2023 03:27:43,4,100.0,100.0,100.0,100.0,100.0,16690987008,3274776576,24.0,157396975616,135148957696,90.5,70787905,71227774
26/02/2023 03:27:44,4,100.0,100.0,100.0,100.0,100.0,16690987008,3113091072,23.0,157396975616,135149400064,90.5,71245067,71684936
26/02/2023 03:27:45,4,98.0,100.0,100.0,98.0,99.0,16690987008,2920960000,21.9,157396975616,135149776896,90.5,71984385,72424529
26/02/2023 03:27:46,4,100.0,100.0,100.0,100.0,100.0,16690987008,2784387072,21.1,157396975616,135150014464,90.5,72860909,73300997
26/02/2023 03:27:47,4,100.0,100.0,99.0,100.0,99.75,16690987008,2867257344,21.6,157396975616,135150231552,90.5,73935201,74375319
26/02/2023 03:27:48,4,100.0,100.0,100.0,99.0,99.75,16690987008,2831810560,21.4,157396975616,135150391296,90.5,74636464,75076454
26/02/2023 03:27:49,4,99.0,100.0,100.0,100.0,99.75,16690987008,2968285184,22.3,157396975616,135150411776,90.5,75309198,75749411
26/02/2023 03:27:50,4,100.0,100.0,100.0,100.0,100.0,16690987008,2940829696,22.1,157396975616,135150788608,90.5,75825176,76265305
26/02/2023 03:27:51,4,100.0,100.0,100.0,100.0,100.0,16690987008,2939543552,22.1,157396975616,135151034368,90.5,76618148,77058277
26/02/2023 03:27:52,4,100.0,100.0,100.0,100.0,100.0,16690987008,3082633216,23.0,157396975616,135151345664,90.5,77152595,77592810
26/02/2023 03:27:53,4,100.0,100.0,100.0,100.0,100.0,16690987008,2886848512,21.8,157396975616,135151484928,90.5,77945980,78386195
26/02/2023 03:27:54,4,98.0,100.0,98.1,98.0,98.525,16690987008,2884067328,21.8,157396975616,135151546368,90.5,78771766,79211953
26/02/2023 03:27:55,4,100.0,100.0,100.0,100.0,100.0,16690987008,3003609088,22.5,157396975616,135151583232,90.5,79476814,79917001
26/02/2023 03:27:56,4,100.0,100.0,100.0,100.0,100.0,16690987008,3015041024,22.6,157396975616,135151611904,90.5,80286607,80726758
26/02/2023 03:27:57,4,99.0,100.0,100.0,99.0,99.5,16690987008,2888708096,21.8,157396975616,135151951872,90.5,80875440,81315876
26/02/2023 03:27:58,4,99.0,99.0,100.0,100.0,99.5,16690987008,2760028160,21.1,157396975616,135151886336,90.5,81742667,82183103
26/02/2023 03:27:59,4,99.0,100.0,99.0,100.0,99.5,16690987008,2825363456,21.4,157396975616,135151923200,90.5,82613464,83053872
26/02/2023 03:28:00,4,100.0,100.0,100.0,100.0,100.0,16690987008,2832908288,21.5,157396975616,135151992832,90.5,83261316,83701612
26/02/2023 03:28:01,4,100.0,100.0,100.0,100.0,100.0,16690987008,2955161600,22.2,157396975616,135151996928,90.5,83882454,84322750
26/02/2023 03:28:02,4,100.0,100.0,100.0,100.0,100.0,16690987008,3046813696,22.8,157396975616,135152046080,90.5,84845737,85285845
26/02/2023 03:28:03,4,100.0,100.0,100.0,100.0,100.0,16690987008,3176128512,23.5,157396975616,135152128000,90.5,85245559,85685028
26/02/2023 03:28:04,4,100.0,100.0,100.0,100.0,100.0,16690987008,3082801152,23.0,157396975616,135152123904,90.5,85816755,86256464
26/02/2023 03:28:05,4,100.0,100.0,100.0,100.0,100.0,16690987008,2986246144,22.4,157396975616,135152132096,90.5,86604327,87043875
26/02/2023 03:28:06,4,100.0,100.0,100.0,100.0,100.0,16690987008,3036393472,22.7,157396975616,135152463872,90.5,87309697,87749325
26/02/2023 03:28:07,4,100.0,100.0,100.0,100.0,100.0,16690987008,2763153408,21.1,157396975616,135152631808,90.5,88297411,88736955
26/02/2023 03:28:08,4,100.0,100.0,100.0,100.0,100.0,16690987008,2847817728,21.6,157396975616,135152697344,90.5,89320990,89760534
26/02/2023 03:28:09,4,100.0,100.0,100.0,100.0,100.0,16690987008,2930098176,22.1,157396975616,135152754688,90.5,89762626,90202170
26/02/2023 03:28:10,4,100.0,100.0,100.0,100.0,100.0,16690987008,2966241280,22.3,157396975616,135152697344,90.5,90512995,90952539
26/02/2023 03:28:11,4,100.0,100.0,100.0,100.0,100.0,16690987008,3093131264,23.0,157396975616,135152709632,90.5,91360614,91800158
26/02/2023 03:28:12,4,100.0,100.0,100.0,100.0,100.0,16690987008,2966061056,22.3,157396975616,135152766976,90.5,91990190,92429734
26/02/2023 03:28:13,4,100.0,100.0,100.0,100.0,100.0,16690987008,3068981248,22.9,157396975616,135152795648,90.5,92496348,92936167
26/02/2023 03:28:14,4,100.0,100.0,100.0,100.0,100.0,16690987008,3113132032,23.1,157396975616,135152844800,90.5,93055161,93494980
26/02/2023 03:28:15,4,99.0,100.0,99.0,100.0,99.5,16690987008,2590007296,20.0,157396975616,135152857088,90.5,93892116,94332021
26/02/2023 03:28:16,4,76.3,89.0,88.0,91.1,86.1,16690987008,2729566208,20.9,157396975616,135152820224,90.5,95036895,95476800
26/02/2023 03:28:17,4,100.0,99.0,100.0,100.0,99.75,16690987008,2684674048,20.6,157396975616,135152910336,90.5,96258324,96698051
26/02/2023 03:28:18,4,100.0,99.0,100.0,99.0,99.5,16690987008,2909986816,22.0,157396975616,135152947200,90.5,96912375,97352168
26/02/2023 03:28:19,4,99.0,99.0,99.0,99.0,99.0,16690987008,2756816896,21.1,157396975616,135152988160,90.5,97762301,98202094
26/02/2023 03:28:20,4,98.0,100.0,100.0,98.0,99.0,16690987008,2772287488,21.1,157396975616,135153037312,90.5,98573665,99013458
26/02/2023 03:28:21,4,88.0,87.9,78.0,89.0,85.725,16690987008,2706800640,20.7,157396975616,135153049600,90.5,99342485,99782278
26/02/2023 03:28:22,4,99.0,71.4,73.3,82.2,81.475,16690987008,2718801920,20.8,157396975616,135152984064,90.5,99999562,100439441
26/02/2023 03:28:23,4,97.0,64.6,78.0,75.5,78.775,16690987008,2722791424,20.8,157396975616,135153041408,90.5,100774404,101214283
26/02/2023 03:28:24,4,69.7,78.8,97.0,68.7,78.55,16690987008,2587885568,20.0,157396975616,135153057792,90.5,101319929,101759808
26/02/2023 03:28:25,4,86.0,78.6,80.0,68.9,78.375,16690987008,2542174208,19.8,157396975616,135153070080,90.5,102204523,102644402
26/02/2023 03:28:26,4,80.8,86.6,81.4,81.4,82.55,16690987008,2646597632,20.3,157396975616,135153143808,90.5,103252198,103692077
26/02/2023 03:28:27,4,65.6,66.7,61.2,78.8,68.075,16690987008,2533990400,19.7,157396975616,135153168384,90.5,104027295,104467024
26/02/2023 03:28:28,4,77.8,82.5,84.0,80.8,81.275,16690987008,2572587008,19.9,157396975616,135153115136,90.5,104970339,105410106
26/02/2023 03:28:29,4,76.3,71.7,84.5,79.4,77.975,16690987008,2553446400,19.8,157396975616,135153192960,90.5,105798578,106238345
26/02/2023 03:28:30,4,90.7,74.2,89.1,75.0,82.25,16690987008,2570027008,19.9,157396975616,135153209344,90.5,106530558,106970325
26/02/2023 03:28:31,4,91.9,68.3,74.8,79.2,78.55,16690987008,2662010880,20.5,157396975616,135153238016,90.5,107432278,107872131
26/02/2023 03:28:32,4,87.3,87.8,61.2,80.6,79.225,16690987008,2729570304,20.8,157396975616,135153299456,90.5,108052120,108491945
26/02/2023 03:28:33,4,85.0,81.0,81.2,84.8,83.0,16690987008,2746068992,21.0,157396975616,135153397760,90.5,108626520,109066345
26/02/2023 03:28:34,4,70.0,82.2,91.1,90.9,83.55,16690987008,2746286080,21.0,157396975616,135153364992,90.5,109239128,109678953
26/02/2023 03:28:35,4,82.7,86.1,95.0,79.0,85.7,16690987008,2744356864,21.0,157396975616,135153422336,90.5,109981780,110421691
26/02/2023 03:28:36,4,85.9,80.4,90.1,72.3,82.175,16690987008,2768158720,21.1,157396975616,135153434624,90.5,110634349,111074260
26/02/2023 03:28:37,4,63.7,84.2,96.0,82.8,81.675,16690987008,2761818112,21.0,157396975616,135153446912,90.5,111177965,111617820
26/02/2023 03:28:38,4,63.9,77.2,84.0,96.0,80.275,16690987008,2727227392,20.8,157396975616,135153500160,90.5,111953911,112393710
26/02/2023 03:28:39,4,81.0,80.0,84.5,75.3,80.2,16690987008,2732081152,20.8,157396975616,135153606656,90.5,112549904,112989703
26/02/2023 03:28:40,4,79.2,70.1,100.0,66.7,79.0,16690987008,2734915584,20.9,157396975616,135153549312,90.5,113211182,113650981
26/02/2023 03:28:41,4,90.0,61.9,100.0,68.4,80.075,16690987008,2749341696,20.9,157396975616,135153602560,90.5,113994267,114434330
26/02/2023 03:28:42,4,74.3,78.9,99.0,83.5,83.925,16690987008,2762637312,21.0,157396975616,135153618944,90.5,114464037,114904593
26/02/2023 03:28:43,4,64.0,91.1,84.2,79.0,79.575,16690987008,2779262976,21.1,157396975616,135153635328,90.5,115141195,115582026
26/02/2023 03:28:44,4,70.4,94.1,78.2,86.9,82.4,16690987008,2752299008,20.9,157396975616,135153688576,90.5,115889885,116330716
26/02/2023 03:28:45,4,92.9,79.2,80.0,73.7,81.45,16690987008,2739044352,20.9,157396975616,135153721344,90.5,116574036,117015142
26/02/2023 03:28:46,4,69.7,62.9,70.3,60.8,65.925,16690987008,2537996288,19.7,157396975616,135153659904,90.5,117408163,117849355
26/02/2023 03:28:47,4,89.6,77.6,88.0,79.2,83.6,16690987008,2635526144,20.2,157396975616,135153741824,90.5,118408064,118849134
26/02/2023 03:28:48,4,75.2,85.0,83.7,79.2,80.77499999999999,16690987008,2720493568,20.8,157396975616,135153754112,90.5,119000096,119441226
26/02/2023 03:28:49,4,90.9,86.7,88.2,67.3,83.275,16690987008,2762702848,21.0,157396975616,135153766400,90.5,119536769,119978174
26/02/2023 03:28:50,4,77.2,88.1,79.6,79.4,81.075,16690987008,2598842368,20.0,157396975616,135153823744,90.5,120262297,120703702
26/02/2023 03:28:51,4,83.7,77.5,84.0,77.8,80.75,16690987008,2682093568,20.5,157396975616,135153848320,90.5,120863128,121304529
26/02/2023 03:28:52,4,93.0,77.0,74.7,66.0,77.675,16690987008,2752172032,20.9,157396975616,135153778688,90.5,121475719,121917120
26/02/2023 03:28:53,4,92.9,67.0,85.7,81.0,81.65,16690987008,2783461376,21.1,157396975616,135153836032,90.5,122195447,122636820
26/02/2023 03:28:54,4,81.0,77.9,79.2,85.7,80.95,16690987008,2668224512,20.4,157396975616,135153872896,90.5,122804288,123245661
26/02/2023 03:28:55,4,94.0,68.7,75.8,78.6,79.275,16690987008,2714890240,20.7,157396975616,135153889280,90.5,123444730,123886103
26/02/2023 03:28:56,4,77.5,82.4,81.8,67.3,77.25,16690987008,2752790528,21.0,157396975616,135153942528,90.5,124153462,124594528
26/02/2023 03:28:57,4,83.0,91.8,80.8,78.8,83.60000000000001,16690987008,2645524480,20.3,157396975616,135153971200,90.5,124763436,125204442
26/02/2023 03:28:58,4,65.3,88.1,77.5,89.9,80.19999999999999,16690987008,2699026432,20.6,157396975616,135153905664,90.5,125364538,125805139
26/02/2023 03:28:59,4,76.8,79.4,82.0,93.0,82.8,16690987008,2737475584,20.9,157396975616,135153967104,90.5,126073145,126513746
26/02/2023 03:29:00,4,98.0,80.2,74.2,71.0,80.85,16690987008,2780823552,21.1,157396975616,135153983488,90.5,126673686,127114373
26/02/2023 03:29:01,4,59.6,57.6,75.5,75.8,67.125,16690987008,2532016128,19.6,157396975616,135154016256,90.5,127455564,127895979
26/02/2023 03:29:02,4,46.5,70.0,44.0,64.4,56.225,16690987008,2543599616,19.7,157396975616,135154073600,90.5,128221856,128662271
26/02/2023 03:29:03,4,53.5,63.0,58.2,79.6,63.574999999999996,16690987008,2519371776,19.6,157396975616,135154089984,90.5,128811654,129252457
26/02/2023 03:29:04,4,56.3,59.4,53.0,54.9,55.9,16690987008,2527399936,19.7,157396975616,135154020352,90.5,129375864,129817168
26/02/2023 03:29:05,4,53.0,51.0,51.5,68.0,55.875,16690987008,2545303552,19.8,157396975616,135154077696,90.5,130068825,130510215
26/02/2023 03:29:06,4,56.7,42.0,51.5,61.0,52.8,16690987008,2517753856,19.6,157396975616,135154061312,90.5,130721566,131162956
26/02/2023 03:29:07,4,29.3,65.3,30.2,68.0,48.2,16690987008,2529095680,19.7,157396975616,135154077696,90.5,131275588,131716978
26/02/2023 03:29:08,4,30.9,55.4,50.5,59.4,49.050000000000004,16690987008,2538627072,19.7,157396975616,135154089984,90.5,131892121,132333455
26/02/2023 03:29:09,4,38.8,45.4,57.1,63.6,51.224999999999994,16690987008,2531069952,19.7,157396975616,135154106368,90.5,132536735,132978015
26/02/2023 03:29:10,4,49.0,46.0,56.0,55.4,51.6,16690987008,2525249536,19.6,157396975616,135154130944,90.5,133187855,133629135
26/02/2023 03:29:11,4,48.0,57.7,35.7,73.0,53.6,16690987008,2538815488,19.7,157396975616,135154143232,90.5,133836243,134277523
26/02/2023 03:29:12,4,56.1,51.5,55.0,46.5,52.275,16690987008,2514305024,19.6,157396975616,135154159616,90.5,134517875,134959241
26/02/2023 03:29:13,4,59.4,58.4,50.5,48.5,54.2,16690987008,2543230976,19.7,157396975616,135154176000,90.5,135147283,135588924
26/02/2023 03:29:14,4,59.0,41.2,68.6,45.8,53.650000000000006,16690987008,2538397696,19.7,157396975616,135154192384,90.5,135780313,136221918
26/02/2023 03:29:15,4,61.2,53.5,48.5,42.0,51.3,16690987008,2517184512,19.6,157396975616,135154212864,90.5,136460590,136902195
26/02/2023 03:29:16,4,80.4,28.6,72.4,34.0,53.85,16690987008,2546814976,19.8,157396975616,135154225152,90.5,137064789,137506394
26/02/2023 03:29:17,4,42.0,65.7,46.4,64.2,54.575,16690987008,2539368448,19.7,157396975616,135154245632,90.5,137757893,138199498
26/02/2023 03:29:18,4,45.5,57.1,46.9,50.0,49.875,16690987008,2530394112,19.7,157396975616,135154257920,90.5,138334965,138776514
26/02/2023 03:29:19,4,49.5,57.4,34.7,57.4,49.75000000000001,16690987008,2518482944,19.6,157396975616,135154282496,90.5,138889913,139331548
26/02/2023 03:29:20,4,38.8,65.0,43.4,59.0,51.55,16690987008,2536951808,19.7,157396975616,135154294784,90.5,139529434,139971069
26/02/2023 03:29:21,4,68.9,55.9,58.7,68.9,63.1,16690987008,2527883264,19.7,157396975616,135154311168,90.5,140100703,140542338
26/02/2023 03:29:22,4,52.5,65.7,54.1,56.1,57.1,16690987008,2526801920,19.6,157396975616,135154323456,90.5,140763030,141204665
26/02/2023 03:29:23,4,74.7,52.5,61.4,46.9,58.875,16690987008,2532909056,19.7,157396975616,135154343936,90.5,141269235,141710870
26/02/2023 03:29:24,4,76.7,53.3,72.3,51.5,63.45,16690987008,2533507072,19.7,157396975616,135154364416,90.5,141898364,142339999
26/02/2023 03:29:25,4,70.3,42.9,53.8,52.4,54.85,16690987008,2519711744,19.6,157396975616,135154376704,90.5,142510121,142951798
26/02/2023 03:29:26,4,82.0,41.4,46.5,46.0,53.975,16690987008,2518585344,19.5,157396975616,135154397184,90.5,143210826,143652720
26/02/2023 03:29:27,4,67.0,39.2,64.7,46.0,54.225,16690987008,2527043584,19.6,157396975616,135154413568,90.5,143859037,144301148
26/02/2023 03:29:28,4,28.3,60.0,54.6,74.0,54.225,16690987008,2554195968,19.8,157396975616,135154425856,90.5,144388311,144830583
26/02/2023 03:29:29,4,58.6,50.0,54.5,47.5,52.65,16690987008,2517262336,19.6,157396975616,135154442240,90.5,145053233,145495591
26/02/2023 03:29:30,4,59.6,40.0,61.2,47.0,51.95,16690987008,2538778624,19.7,157396975616,135154462720,90.5,145668897,146115714
26/02/2023 03:29:31,4,53.9,39.0,52.1,63.9,52.225,16690987008,2515345408,19.5,157396975616,135154483200,90.5,146356359,146805251
26/02/2023 03:29:32,4,55.8,54.6,51.9,55.2,54.375,16690987008,2513575936,19.5,157396975616,135154495488,90.5,146929053,147377945
26/02/2023 03:29:33,4,57.8,53.5,55.6,48.0,53.725,16690987008,2540761088,19.7,157396975616,135154511872,90.5,147531876,147980740
26/02/2023 03:29:34,4,57.4,39.6,63.0,37.1,49.275,16690987008,2514092032,19.5,157396975616,135154528256,90.5,148117526,148566390
26/02/2023 03:29:35,4,50.0,64.6,35.0,71.0,55.15,16690987008,2518515712,19.5,157396975616,135154548736,90.5,148835614,149284564
26/02/2023 03:29:36,4,65.0,37.0,80.2,32.3,53.625,16690987008,2531725312,19.6,157396975616,135154561024,90.5,149478606,149927556
26/02/2023 03:29:37,4,61.8,48.5,68.4,41.4,55.025,16690987008,2526261248,19.6,157396975616,135154581504,90.5,150170253,150619203
26/02/2023 03:29:38,4,40.4,70.4,52.4,51.6,53.7,16690987008,2539986944,19.7,157396975616,135154597888,90.5,150815510,151264338
26/02/2023 03:29:39,4,49.0,52.0,41.8,61.2,51.0,16690987008,2515324928,19.5,157396975616,135154614272,90.5,151493329,151942223
26/02/2023 03:29:40,4,69.7,44.1,45.0,60.2,54.75,16690987008,2532372480,19.6,157396975616,135154634752,90.5,152195207,152644187
26/02/2023 03:29:41,4,53.5,38.0,68.7,43.6,50.949999999999996,16690987008,2521788416,19.6,157396975616,135154651136,90.5,152889081,153338457
26/02/2023 03:29:42,4,66.7,45.5,52.9,56.2,55.325,16690987008,2527252480,19.6,157396975616,135154667520,90.5,153552604,154002255
26/02/2023 03:29:43,4,48.0,54.5,65.0,48.0,53.875,16690987008,2546536448,19.7,157396975616,135154688000,90.5,154175208,154625134
26/02/2023 03:29:44,4,40.2,52.5,52.0,55.1,49.949999999999996,16690987008,2513264640,19.5,157396975616,135154704384,90.5,154821819,155271745
26/02/2023 03:29:45,4,43.0,43.3,58.3,58.6,50.8,16690987008,2534260736,19.6,157396975616,135154720768,90.5,155435099,155885300
26/02/2023 03:29:46,4,60.0,52.5,50.5,56.9,54.975,16690987008,2513981440,19.5,157396975616,135154737152,90.5,156091573,156541774
26/02/2023 03:29:47,4,71.8,32.0,45.5,51.5,50.2,16690987008,2529476608,19.6,157396975616,135154753536,90.5,156682108,157132395
26/02/2023 03:29:48,4,59.2,52.9,48.5,58.8,54.849999999999994,16690987008,2549071872,19.7,157396975616,135154769920,90.5,157293104,157743391
26/02/2023 03:29:49,4,66.7,27.0,72.7,38.6,51.25,16690987008,2512019456,19.5,157396975616,135154790400,90.5,157929816,158380322
26/02/2023 03:29:50,4,65.0,44.4,66.7,29.1,51.300000000000004,16690987008,2532200448,19.6,157396975616,135154802688,90.5,158538601,158989107
26/02/2023 03:29:51,4,37.4,57.4,67.0,41.2,50.75,16690987008,2525683712,19.6,157396975616,135154819072,90.5,159218976,159669482
26/02/2023 03:29:52,4,55.1,44.9,65.3,54.5,54.95,16690987008,2549981184,19.7,157396975616,135154839552,90.5,159891940,160342446
26/02/2023 03:29:53,4,50.0,55.4,42.4,50.0,49.45,16690987008,2547671040,19.7,157396975616,135154855936,90.5,160525468,160975974
26/02/2023 03:29:54,4,66.0,43.0,37.8,59.8,51.650000000000006,16690987008,2528555008,19.6,157396975616,135154872320,90.5,161154391,161604560
26/02/2023 03:29:55,4,45.9,51.9,50.5,57.1,51.35,16690987008,2540216320,19.7,157396975616,135154892800,90.5,161850293,162300462
26/02/2023 03:29:56,4,53.5,44.4,45.0,65.7,52.150000000000006,16690987008,2514075648,19.5,157396975616,135154917376,90.5,162545532,162995701
26/02/2023 03:29:57,4,47.1,63.5,38.0,61.4,52.5,16690987008,2532540416,19.6,157396975616,135154929664,90.5,163194017,163644547
26/02/2023 03:29:58,4,36.4,66.0,58.2,56.0,54.150000000000006,16690987008,2521341952,19.5,157396975616,135154950144,90.5,163854560,164305090
26/02/2023 03:29:59,4,81.0,20.8,71.3,28.6,50.425,16690987008,2545201152,19.7,157396975616,135154966528,90.5,164455216,164905634
26/02/2023 03:30:00,4,45.9,51.0,64.4,56.0,54.325,16690987008,2532855808,19.6,157396975616,135154982912,90.5,165151086,165601504
26/02/2023 03:30:01,4,72.5,71.1,67.0,64.0,68.65,16690987008,2205634560,16.5,157396975616,135153213440,90.5,165692228,166142549
26/02/2023 03:30:02,4,52.6,67.0,54.5,75.3,62.349999999999994,16690987008,2168303616,16.3,157396975616,135153229824,90.5,166296228,166746635
26/02/2023 03:30:03,4,96.9,96.0,99.0,93.0,96.225,16690987008,1969459200,15.1,157396975616,135153229824,90.5,166390474,166840881
26/02/2023 03:30:04,4,46.5,34.7,20.2,57.0,39.6,16690987008,1425215488,11.9,157396975616,135153225728,90.5,166401582,166852490
26/02/2023 03:30:05,4,35.3,14.4,11.9,15.2,19.2,16690987008,1244364800,10.8,157396975616,135153225728,90.5,166406453,166857361
26/02/2023 03:30:06,4,5.1,3.0,12.0,1.0,5.275,16690987008,1246126080,10.8,157396975616,135153262592,90.5,166411993,166862901
26/02/2023 03:30:07,4,11.5,2.1,9.0,10.8,8.350000000000001,16690987008,1257353216,10.8,157396975616,135153262592,90.5,166411993,166862987
26/02/2023 03:30:08,4,9.1,1.0,8.4,8.9,6.85,16690987008,1257304064,10.8,157396975616,135153225728,90.5,166412093,166863087
26/02/2023 03:30:09,4,13.3,13.3,6.1,19.0,12.925,16690987008,1257517056,10.8,157396975616,135153229824,90.5,166412281,166863219
26/02/2023 03:30:10,4,4.0,2.0,5.0,4.0,3.75,16690987008,1258008576,10.8,157396975616,135153229824,90.5,166412281,166863219
26/02/2023 03:30:11,4,0.0,1.0,1.0,2.0,1.0,16690987008,1268039680,10.8,157396975616,135153229824,90.5,166412281,166863219
26/02/2023 03:30:12,4,1.0,1.0,3.0,2.0,1.75,16690987008,1268129792,10.8,157396975616,135153229824,90.5,166412281,166863219
26/02/2023 03:30:13,4,0.0,0.0,2.0,2.0,1.0,16690987008,1268248576,10.8,157396975616,135153229824,90.5,166412399,166863584
26/02/2023 03:30:14,4,2.0,1.0,2.0,2.0,1.75,16690987008,1268244480,10.8,157396975616,135153233920,90.5,166412399,166863670
26/02/2023 03:30:15,4,0.0,2.0,2.0,0.0,1.0,16690987008,1268244480,10.8,157396975616,135153233920,90.5,166412399,166863670
26/02/2023 03:30:16,4,2.0,1.0,4.0,1.0,2.0,16690987008,1268244480,10.8,157396975616,135153233920,90.5,166412399,166863670
26/02/2023 03:30:17,4,1.0,1.0,3.0,0.0,1.25,16690987008,1268232192,10.8,157396975616,135153233920,90.5,166412399,166863670
26/02/2023 03:30:18,4,0.0,3.0,2.0,1.0,1.5,16690987008,1268228096,10.8,157396975616,135153238016,90.5,166412399,166863670
26/02/2023 03:30:19,4,1.0,2.0,3.0,1.0,1.75,16690987008,1268228096,10.8,157396975616,135153238016,90.5,166412587,166863736
26/02/2023 03:30:20,4,0.0,1.0,2.0,1.0,1.0,16690987008,1268228096,10.8,157396975616,135153238016,90.5,166412587,166863802
26/02/2023 03:30:21,4,2.0,0.0,2.0,1.0,1.25,16690987008,1268228096,10.8,157396975616,135153238016,90.5,166412587,166863802
26/02/2023 03:30:22,4,3.0,2.0,1.0,2.0,2.0,16690987008,1268301824,10.8,157396975616,135153238016,90.5,166412587,166863888
26/02/2023 03:30:23,4,3.0,0.0,1.0,1.0,1.25,16690987008,1268297728,10.8,157396975616,135153242112,90.5,166412587,166863888
26/02/2023 03:30:24,4,2.0,1.0,0.0,1.0,1.0,16690987008,1268297728,10.8,157396975616,135153242112,90.5,166412657,166863930
26/02/2023 03:30:25,4,4.0,2.0,1.0,1.0,2.0,16690987008,1268232192,10.8,157396975616,135153242112,90.5,166412657,166863930
26/02/2023 03:30:26,4,3.0,0.0,1.0,2.0,1.5,16690987008,1268744192,10.8,157396975616,135153242112,90.5,166414785,166866058
26/02/2023 03:30:27,4,2.9,2.0,0.0,1.0,1.475,16690987008,1268658176,10.8,157396975616,135153250304,90.5,166414785,166866058
26/02/2023 03:30:28,4,2.0,1.0,2.9,1.0,1.725,16690987008,1268658176,10.8,157396975616,135153250304,90.5,166414785,166866058
26/02/2023 03:30:29,4,2.0,0.0,0.0,1.0,0.75,16690987008,1268723712,10.8,157396975616,135153250304,90.5,166414785,166866058
26/02/2023 03:30:30,4,3.0,0.0,2.0,0.0,1.25,16690987008,1268985856,10.8,157396975616,135153250304,90.5,166414973,166866124
26/02/2023 03:30:31,4,2.0,0.0,0.0,1.0,0.75,16690987008,1268985856,10.8,157396975616,135153250304,90.5,166414973,166866124
26/02/2023 03:30:32,4,3.0,2.9,2.0,2.0,2.475,16690987008,1268965376,10.8,157396975616,135153254400,90.5,166415067,166866276
26/02/2023 03:30:33,4,3.0,1.0,1.0,0.0,1.25,16690987008,1268965376,10.8,157396975616,135153254400,90.5,166415067,166866276
26/02/2023 03:30:34,4,2.0,1.0,1.0,1.0,1.25,16690987008,1268965376,10.8,157396975616,135153254400,90.5,166415067,166866276
26/02/2023 03:30:35,4,4.0,0.0,0.0,1.0,1.25,16690987008,1268965376,10.8,157396975616,135153254400,90.5,166415067,166866276
26/02/2023 03:30:36,4,3.0,0.0,1.0,2.0,1.5,16690987008,1268961280,10.8,157396975616,135153258496,90.5,166415067,166866276
26/02/2023 03:30:37,4,2.0,0.0,0.0,0.0,0.5,16690987008,1268948992,10.8,157396975616,135153258496,90.5,166415067,166866276
26/02/2023 03:30:38,4,3.0,1.0,1.0,1.0,1.5,16690987008,1268948992,10.8,157396975616,135153258496,90.5,166415067,166866362
26/02/2023 03:30:39,4,2.0,1.0,0.0,0.0,0.75,16690987008,1269207040,10.8,157396975616,135153258496,90.5,166415067,166866362
26/02/2023 03:30:40,4,3.0,0.0,1.0,2.0,1.5,16690987008,1269202944,10.8,157396975616,135153262592,90.5,166415161,166866428
26/02/2023 03:30:41,4,2.0,0.0,2.0,0.0,1.0,16690987008,1269202944,10.8,157396975616,135153262592,90.5,166415161,166866824
26/02/2023 03:30:42,4,3.0,0.0,0.0,3.0,1.5,16690987008,1269125120,10.8,157396975616,135153262592,90.5,166415255,166867165
26/02/2023 03:30:43,4,2.0,0.0,0.0,1.0,0.75,16690987008,1269125120,10.8,157396975616,135153262592,90.5,166415255,166867440
26/02/2023 03:30:44,4,2.0,3.0,1.0,1.0,1.75,16690987008,1269190656,10.8,157396975616,135153262592,90.5,166415255,166867440
26/02/2023 03:30:45,4,3.0,2.0,0.0,1.0,1.5,16690987008,1269186560,10.8,157396975616,135153266688,90.5,166415255,166867715
26/02/2023 03:30:46,4,3.0,2.0,2.9,2.0,2.475,16690987008,1269444608,10.8,157396975616,135153266688,90.5,166417383,166869929
26/02/2023 03:30:47,4,2.0,0.0,0.0,1.0,0.75,16690987008,1269432320,10.8,157396975616,135153266688,90.5,166417453,166869971
26/02/2023 03:30:48,4,2.0,0.0,1.0,0.0,0.75,16690987008,1269432320,10.8,157396975616,135153266688,90.5,166417453,166869971
26/02/2023 03:30:49,4,2.0,1.0,2.0,1.0,1.5,16690987008,1269428224,10.8,157396975616,135153270784,90.5,166417453,166870246
26/02/2023 03:30:50,4,2.0,0.0,0.0,2.0,1.0,16690987008,1269428224,10.8,157396975616,135153270784,90.5,166417547,166870398
26/02/2023 03:30:51,4,2.0,0.0,1.0,0.0,0.75,16690987008,1269428224,10.8,157396975616,135153270784,90.5,166417547,166870398
26/02/2023 03:30:52,4,3.0,2.0,0.0,2.0,1.75,16690987008,1269415936,10.8,157396975616,135153270784,90.5,166417641,166870464
26/02/2023 03:30:53,4,2.0,1.0,1.0,1.0,1.25,16690987008,1269415936,10.8,157396975616,135153270784,90.5,166417641,166870568
26/02/2023 03:30:54,4,3.0,2.9,1.0,2.0,2.225,16690987008,1269669888,10.8,157396975616,135153274880,90.5,166417641,166870568
26/02/2023 03:30:55,4,3.0,0.0,2.0,0.0,1.25,16690987008,1269669888,10.8,157396975616,135153274880,90.5,166417731,166870568
26/02/2023 03:30:56,4,3.0,1.0,1.0,2.0,1.75,16690987008,1269669888,10.8,157396975616,135153274880,90.5,166417731,166870630
26/02/2023 03:30:57,4,2.0,1.0,0.0,1.0,1.0,16690987008,1269657600,10.8,157396975616,135153274880,90.5,166417731,166870905
26/02/2023 03:30:58,4,2.0,2.0,0.0,2.0,1.5,16690987008,1269653504,10.8,157396975616,135153278976,90.5,166417731,166870905
26/02/2023 03:30:59,4,3.0,1.0,1.0,0.0,1.25,16690987008,1269653504,10.8,157396975616,135153278976,90.5,166417731,166870905
26/02/2023 03:31:00,4,4.0,1.0,2.0,3.0,2.5,16690987008,1269620736,10.8,157396975616,135153278976,90.5,166417825,166871057
