26/02/2023 02:39:00,4,0.0,0.0,0.0,0.0,0.0,16690995200,1289981952,10.8,157396975616,135097573376,90.5,429329,5290092
26/02/2023 02:39:01,4,0.0,0.0,0.0,0.0,0.0,16690995200,1289981952,10.8,157396975616,135097573376,90.5,429329,5290092
26/02/2023 02:39:02,4,12.9,9.1,5.0,4.0,7.75,16690995200,1310298112,10.9,157396975616,135097577472,90.5,429329,5290092
26/02/2023 02:39:03,4,1.0,2.0,2.0,2.0,1.75,16690995200,1311989760,10.9,157396975616,135097577472,90.5,429517,5290224
26/02/2023 02:39:04,4,2.0,2.0,1.0,3.0,2.0,16690995200,1312010240,10.9,157396975616,135097577472,90.5,429517,5290224
26/02/2023 02:39:05,4,3.0,0.0,1.0,5.0,2.25,16690995200,1313558528,10.9,157396975616,135097581568,90.5,431645,5292438
26/02/2023 02:39:06,4,2.0,2.0,1.0,5.0,2.5,16690995200,1315430400,10.9,157396975616,135097581568,90.5,431645,5292438
26/02/2023 02:39:07,4,2.0,3.0,0.0,4.0,2.25,16690995200,1315434496,10.9,157396975616,135097581568,90.5,431645,5292438
26/02/2023 02:39:08,4,0.0,3.0,2.0,3.0,2.0,16690995200,1315033088,10.9,157396975616,135097581568,90.5,431645,5292438
26/02/2023 02:39:09,4,2.0,5.0,1.0,4.0,3.0,16690995200,1314893824,10.9,157396975616,135097585664,90.5,431645,5292438
26/02/2023 02:39:10,4,2.0,4.0,0.0,2.0,2.0,16690995200,1315418112,10.9,157396975616,135097585664,90.5,431645,5292438
26/02/2023 02:39:11,4,3.0,2.0,0.0,3.0,2.0,16690995200,1315418112,10.9,157396975616,135097585664,90.5,431645,5292524
26/02/2023 02:39:12,4,1.0,4.0,2.0,2.0,2.25,16690995200,1315418112,10.9,157396975616,135097585664,90.5,431645,5292524
26/02/2023 02:39:13,4,1.0,4.0,0.0,4.0,2.25,16690995200,1315418112,10.9,157396975616,135097585664,90.5,431833,5292656
26/02/2023 02:39:14,4,0.0,4.0,0.0,3.0,1.75,16690995200,1315401728,10.9,157396975616,135097589760,90.5,431833,5292656
26/02/2023 02:39:15,4,1.0,4.0,2.0,3.0,2.5,16690995200,1315659776,10.9,157396975616,135097589760,90.5,431833,5292742
26/02/2023 02:39:16,4,2.0,3.0,1.0,2.0,2.0,16690995200,1315659776,10.9,157396975616,135097589760,90.5,431833,5292742
26/02/2023 02:39:17,4,1.0,5.0,0.0,4.0,2.5,16690995200,1315659776,10.9,157396975616,135097589760,90.5,431833,5292742
26/02/2023 02:39:18,4,0.0,2.0,1.0,4.0,1.75,16690995200,1315643392,10.9,157396975616,135097593856,90.5,431833,5292742
26/02/2023 02:39:19,4,1.0,4.0,0.0,4.0,2.25,16690995200,1315643392,10.9,157396975616,135097593856,90.5,431833,5292742
26/02/2023 02:39:20,4,2.0,1.0,0.0,6.9,2.475,16690995200,1315643392,10.9,157396975616,135097593856,90.5,431833,5292742
26/02/2023 02:39:21,4,1.0,1.0,0.0,6.0,2.0,16690995200,1315643392,10.9,157396975616,135097593856,90.5,431833,5292742
26/02/2023 02:39:22,4,1.0,1.0,1.0,6.0,2.25,16690995200,1315897344,10.9,157396975616,135097597952,90.5,431833,5292742
26/02/2023 02:39:23,4,0.0,2.0,2.0,4.0,2.0,16690995200,1315885056,10.9,157396975616,135097597952,90.5,432021,5292874
26/02/2023 02:39:24,4,1.0,1.0,0.0,1.0,0.75,16690995200,1315880960,10.9,157396975616,135097597952,90.5,432021,5292874
26/02/2023 02:39:25,4,3.0,3.0,1.0,2.0,2.25,16690995200,1317429248,11.0,157396975616,135097597952,90.5,434149,5295088
26/02/2023 02:39:26,4,3.0,0.0,1.0,5.0,2.25,16690995200,1317425152,11.0,157396975616,135097602048,90.5,434149,5295088
26/02/2023 02:39:27,4,2.0,1.0,0.0,2.0,1.25,16690995200,1317425152,11.0,157396975616,135097602048,90.5,434149,5295088
26/02/2023 02:39:28,4,2.0,2.0,1.0,2.0,1.75,16690995200,1317347328,11.0,157396975616,135097602048,90.5,434219,5295130
26/02/2023 02:39:29,4,3.0,2.0,0.0,2.0,1.75,16690995200,1317347328,11.0,157396975616,135097602048,90.5,434219,5295130
26/02/2023 02:39:30,4,3.0,0.0,0.0,2.0,1.25,16690995200,1317601280,11.0,157396975616,135097606144,90.5,434219,5295130
26/02/2023 02:39:31,4,1.0,1.0,2.0,4.0,2.0,16690995200,1316016128,10.9,157396975616,135097606144,90.5,434219,5295130
26/02/2023 02:39:32,4,0.0,4.0,2.0,0.0,1.5,16690995200,1316020224,10.9,157396975616,135097606144,90.5,434219,5295130
26/02/2023 02:39:33,4,1.0,4.0,1.0,0.0,1.5,16690995200,1316003840,10.9,157396975616,135097606144,90.5,434407,5295348
26/02/2023 02:39:34,4,0.0,4.0,0.0,1.0,1.25,16690995200,1316003840,10.9,157396975616,135097606144,90.5,434407,5295348
26/02/2023 02:39:35,4,1.0,2.0,1.0,0.0,1.0,16690995200,1315999744,10.9,157396975616,135097610240,90.5,434407,5295348
26/02/2023 02:39:36,4,3.0,2.1,2.0,1.0,2.025,16690995200,1315999744,10.9,157396975616,135097610240,90.5,434407,5295348
26/02/2023 02:39:37,4,5.9,8.9,6.9,11.2,8.225000000000001,16690995200,1312653312,10.9,157396975616,135097614336,90.5,434407,5295348
26/02/2023 02:39:38,4,26.1,9.1,18.4,13.0,16.65,16690995200,1304555520,11.0,157396975616,135097614336,90.5,434407,5295348
26/02/2023 02:39:39,4,5.0,17.1,9.6,27.6,14.825000000000001,16690995200,1303597056,11.0,157396975616,135097618432,90.5,434407,5295348
26/02/2023 02:39:40,4,17.0,8.9,15.7,21.8,15.849999999999998,16690995200,1305882624,11.0,157396975616,135097618432,90.5,434407,5295348
26/02/2023 02:39:41,4,7.0,12.0,17.0,11.1,11.775,16690995200,1306685440,11.0,157396975616,135097618432,90.5,434407,5295348
26/02/2023 02:39:42,4,5.0,1.0,2.0,1.0,2.25,16690995200,1306763264,11.0,157396975616,135097618432,90.5,434407,5295348
26/02/2023 02:39:43,4,8.7,6.0,9.8,13.2,9.425,16690995200,1312206848,11.0,157396975616,135097622528,90.5,434595,5295414
26/02/2023 02:39:44,4,11.7,3.0,6.1,6.1,6.725,16690995200,1312579584,11.0,157396975616,135097622528,90.5,434595,5295480
26/02/2023 02:39:45,4,4.0,12.5,7.8,9.7,8.5,16690995200,1312997376,11.0,157396975616,135097622528,90.5,434595,5295480
26/02/2023 02:39:46,4,5.1,1.0,1.0,2.0,2.275,16690995200,1314287616,11.0,157396975616,135097622528,90.5,436723,5297608
26/02/2023 02:39:47,4,4.0,2.0,3.0,1.0,2.5,16690995200,1314406400,11.0,157396975616,135097626624,90.5,436723,5297608
26/02/2023 02:39:48,4,5.0,3.0,2.0,1.0,2.75,16690995200,1314463744,11.0,157396975616,135097626624,90.5,436723,5297608
26/02/2023 02:39:49,4,4.0,2.0,3.0,1.0,2.5,16690995200,1314418688,11.0,157396975616,135097626624,90.5,436723,5297608
26/02/2023 02:39:50,4,5.0,1.0,0.0,2.0,2.0,16690995200,1314471936,11.0,157396975616,135097626624,90.5,436723,5297608
26/02/2023 02:39:51,4,5.0,2.0,2.9,3.0,3.225,16690995200,1314299904,11.0,157396975616,135097630720,90.5,436723,5297694
26/02/2023 02:39:52,4,3.0,1.0,0.0,1.0,1.25,16690995200,1314299904,11.0,157396975616,135097630720,90.5,436723,5297694
26/02/2023 02:39:53,4,5.9,1.0,0.0,0.0,1.725,16690995200,1313783808,11.0,157396975616,135097630720,90.5,436723,5297694
26/02/2023 02:39:54,4,4.0,2.9,1.0,0.0,1.975,16690995200,1314123776,11.0,157396975616,135097630720,90.5,436911,5297826
26/02/2023 02:39:55,4,5.0,0.0,3.0,0.0,2.0,16690995200,1314119680,11.0,157396975616,135097630720,90.5,436911,5297826
26/02/2023 02:39:56,4,2.0,1.0,1.0,0.0,1.0,16690995200,1314144256,11.0,157396975616,135097638912,90.5,436911,5297826
26/02/2023 02:39:57,4,2.0,0.0,1.0,1.0,1.0,16690995200,1314009088,11.0,157396975616,135097634816,90.5,436911,5297826
26/02/2023 02:39:58,4,3.9,0.0,1.0,1.0,1.475,16690995200,1314004992,11.0,157396975616,135097634816,90.5,436911,5297826
26/02/2023 02:39:59,4,1.0,2.0,0.0,1.0,1.0,16690995200,1313988608,11.0,157396975616,135097634816,90.5,436911,5297912
26/02/2023 02:40:00,4,1.0,1.0,1.0,1.0,1.0,16690995200,1314246656,11.0,157396975616,135097638912,90.5,436911,5297912
26/02/2023 02:40:01,4,2.9,30.7,1.0,21.2,13.95,16690995200,1338564608,11.1,157396975616,135097638912,90.5,436911,5297912
26/02/2023 02:40:02,4,22.2,33.3,25.0,35.8,29.075,16690995200,1369927680,11.4,157396975616,135097667584,90.5,436911,5297912
26/02/2023 02:40:03,4,21.8,20.8,56.1,39.2,34.475,16690995200,1451810816,11.9,157396975616,135097634816,90.5,436911,5297912
26/02/2023 02:40:04,4,52.0,58.3,53.8,60.2,56.075,16690995200,1543127040,13.4,157396975616,135097696256,90.5,460616,5340993
26/02/2023 02:40:05,4,43.9,45.0,65.0,34.0,46.975,16690995200,1668636672,14.2,157396975616,135115345920,90.5,500693,5420762
26/02/2023 02:40:06,4,16.0,21.0,45.0,68.7,37.675,16690995200,1719668736,14.3,157396975616,135115386880,90.5,505798,5452904
26/02/2023 02:40:07,4,77.0,46.1,56.4,50.0,57.375,16690995200,1666945024,14.3,157396975616,135100059648,90.5,674921,5640033
26/02/2023 02:40:08,4,51.6,28.1,25.7,26.0,32.85,16690995200,1668952064,14.3,157396975616,135100059648,90.5,681506,5651777
26/02/2023 02:40:09,4,14.7,13.1,19.0,11.3,14.524999999999999,16690995200,1669996544,14.3,157396975616,135099953152,90.5,681904,5652114
26/02/2023 02:40:10,4,14.9,12.2,17.5,13.1,14.425,16690995200,1674166272,14.3,157396975616,135099953152,90.5,682649,5652591
26/02/2023 02:40:11,4,11.2,9.1,8.2,15.2,10.924999999999999,16690995200,1674293248,14.3,157396975616,135099957248,90.5,682649,5652677
26/02/2023 02:40:12,4,11.3,21.6,17.3,13.1,15.825000000000001,16690995200,1679065088,14.3,157396975616,135099957248,90.5,682837,5652743
26/02/2023 02:40:13,4,12.9,9.2,11.1,18.0,12.8,16690995200,1679069184,14.3,157396975616,135099957248,90.5,682837,5652743
26/02/2023 02:40:14,4,12.2,11.9,12.1,18.0,13.55,16690995200,1672069120,14.3,157396975616,135099961344,90.5,683213,5660542
26/02/2023 02:40:15,4,6.0,4.0,7.1,3.0,5.025,16690995200,1668997120,14.3,157396975616,135099965440,90.5,684522,5661415
26/02/2023 02:40:16,4,16.8,14.7,11.2,15.0,14.425,16690995200,1665490944,14.2,157396975616,135099965440,90.5,684522,5661415
26/02/2023 02:40:17,4,12.0,7.9,5.2,8.0,8.274999999999999,16690995200,1665490944,14.2,157396975616,135099965440,90.5,685042,5661935
26/02/2023 02:40:18,4,17.3,13.3,14.0,24.0,17.15,16690995200,1648082944,14.2,157396975616,135099969536,90.5,685230,5662067
26/02/2023 02:40:19,4,7.1,10.3,9.3,12.9,9.9,16690995200,1644048384,14.2,157396975616,135099969536,90.5,685348,5662157
26/02/2023 02:40:20,4,21.0,5.0,3.0,3.2,8.05,16690995200,1644261376,14.2,157396975616,135099969536,90.5,686067,5662661
26/02/2023 02:40:21,4,11.2,8.1,12.4,13.5,11.299999999999999,16690995200,1643278336,14.2,157396975616,135099969536,90.5,686067,5662747
26/02/2023 02:40:22,4,3.0,3.9,2.0,2.0,2.725,16690995200,1645912064,14.1,157396975616,135099969536,90.5,686445,5663015
26/02/2023 02:40:23,4,2.0,1.0,0.0,3.0,1.5,16690995200,1644331008,14.1,157396975616,135099973632,90.5,686445,5663015
26/02/2023 02:40:24,4,1.0,1.0,2.0,1.0,1.25,16690995200,1644912640,14.1,157396975616,135099981824,90.5,686821,5663279
26/02/2023 02:40:25,4,3.0,4.0,2.0,5.0,3.5,16690995200,1645412352,14.1,157396975616,135099981824,90.5,689865,5665887
26/02/2023 02:40:26,4,0.0,2.0,1.0,1.0,1.0,16690995200,1645268992,14.1,157396975616,135099981824,90.5,689865,5665887
26/02/2023 02:40:27,4,2.0,1.0,3.0,3.0,2.25,16690995200,1643266048,14.1,157396975616,135099985920,90.5,690385,5666407
26/02/2023 02:40:28,4,2.0,1.0,0.0,0.0,0.75,16690995200,1643266048,14.1,157396975616,135099985920,90.5,690573,5666539
26/02/2023 02:40:29,4,3.0,3.0,2.0,2.0,2.5,16690995200,1642491904,14.1,157396975616,135099985920,90.5,690573,5666539
26/02/2023 02:40:30,4,3.0,0.0,1.0,0.0,1.0,16690995200,1642737664,14.1,157396975616,135099985920,90.5,690783,5666623
26/02/2023 02:40:31,4,2.0,3.0,1.0,0.0,1.5,16690995200,1642737664,14.1,157396975616,135099985920,90.5,690925,5666709
26/02/2023 02:40:32,4,2.0,5.0,1.0,1.0,2.25,16690995200,1642618880,14.1,157396975616,135099990016,90.5,690925,5666709
26/02/2023 02:40:33,4,2.0,3.0,14.0,2.0,5.25,16690995200,1644752896,14.1,157396975616,135099990016,90.5,690925,5666709
26/02/2023 02:40:34,4,2.0,1.0,1.0,1.0,1.25,16690995200,1644949504,14.1,157396975616,135099990016,90.5,691533,5667009
26/02/2023 02:40:35,4,3.0,1.0,2.0,2.0,2.0,16690995200,1644941312,14.1,157396975616,135099990016,90.5,692275,5667734
26/02/2023 02:40:36,4,2.0,0.0,3.0,0.0,1.25,16690995200,1644941312,14.1,157396975616,135099990016,90.5,692511,5667886
26/02/2023 02:40:37,4,3.0,1.0,1.0,1.0,1.5,16690995200,1644941312,14.1,157396975616,135099994112,90.5,692788,5668109
26/02/2023 02:40:38,4,1.0,0.0,2.0,2.0,1.25,16690995200,1645170688,14.1,157396975616,135099994112,90.5,693402,5668695
26/02/2023 02:40:39,4,1.0,1.0,2.0,2.0,1.5,16690995200,1645420544,14.1,157396975616,135099994112,90.5,693706,5668845
26/02/2023 02:40:40,4,1.0,0.0,2.0,0.0,0.75,16690995200,1645338624,14.1,157396975616,135099994112,90.5,693706,5668845
26/02/2023 02:40:41,4,2.0,2.0,1.0,1.0,1.5,16690995200,1645334528,14.1,157396975616,135099998208,90.5,693848,5668845
26/02/2023 02:40:42,4,3.0,2.0,3.0,2.0,2.5,16690995200,1646624768,14.1,157396975616,135099998208,90.5,693962,5668923
26/02/2023 02:40:43,4,1.0,2.0,1.0,2.9,1.725,16690995200,1646080000,14.1,157396975616,135099998208,90.5,693962,5669009
26/02/2023 02:40:44,4,2.0,1.0,2.0,0.0,1.25,16690995200,1645850624,14.1,157396975616,135099998208,90.5,694266,5669093
26/02/2023 02:40:45,4,0.0,5.0,2.0,1.0,2.0,16690995200,1646092288,14.1,157396975616,135100002304,90.5,697146,5671551
26/02/2023 02:40:46,4,0.0,0.0,0.0,2.0,0.5,16690995200,1644277760,14.1,157396975616,135100006400,90.5,697382,5671881
26/02/2023 02:40:47,4,2.9,1.0,2.0,3.0,2.225,16690995200,1644281856,14.1,157396975616,135100006400,90.5,697382,5671881
26/02/2023 02:40:48,4,0.0,1.0,1.0,2.0,1.0,16690995200,1644281856,14.1,157396975616,135100006400,90.5,697996,5672467
26/02/2023 02:40:49,4,1.0,0.0,3.0,1.0,1.25,16690995200,1644281856,14.1,157396975616,135100006400,90.5,701862,5676190
26/02/2023 02:40:50,4,2.0,2.0,10.1,3.0,4.275,16690995200,1643790336,14.1,157396975616,135100026880,90.5,706939,5692462
26/02/2023 02:40:51,4,1.0,0.0,0.0,2.0,0.75,16690995200,1643778048,14.1,157396975616,135100026880,90.5,706939,5692548
26/02/2023 02:40:52,4,1.0,0.0,1.0,2.0,1.0,16690995200,1643712512,14.1,157396975616,135100026880,90.5,708383,5694057
26/02/2023 02:40:53,4,1.0,1.0,1.0,3.0,1.5,16690995200,1643712512,14.1,157396975616,135100026880,90.5,708383,5694107
26/02/2023 02:40:54,4,0.0,1.0,0.0,3.0,1.0,16690995200,1643712512,14.1,157396975616,135100026880,90.5,708383,5694107
26/02/2023 02:40:55,4,1.0,0.0,3.0,2.0,1.5,16690995200,1643724800,14.1,157396975616,135100014592,90.5,708759,5694457
26/02/2023 02:40:56,4,1.0,0.0,1.0,2.0,1.0,16690995200,1643737088,14.1,157396975616,135100014592,90.5,709323,5694853
26/02/2023 02:40:57,4,1.0,2.0,1.0,2.0,1.5,16690995200,1643884544,14.1,157396975616,135100014592,90.5,709393,5694895
26/02/2023 02:40:58,4,0.0,0.0,1.0,1.0,0.5,16690995200,1643884544,14.1,157396975616,135100014592,90.5,709913,5695415
26/02/2023 02:40:59,4,1.0,1.0,1.0,3.0,1.5,16690995200,1643880448,14.1,157396975616,135100018688,90.5,710101,5696057
26/02/2023 02:41:01,4,0.0,0.0,1.0,2.9,0.975,16690995200,1643851776,14.1,157396975616,135100018688,90.5,710191,5696057
26/02/2023 02:41:02,4,36.6,29.7,73.5,28.9,42.175000000000004,16690995200,1705578496,14.5,157396975616,135100035072,90.5,834184,5820050
26/02/2023 02:41:03,4,55.8,54.2,48.9,63.5,55.6,16690995200,1815691264,15.2,157396975616,135099789312,90.5,844893,5821124
26/02/2023 02:41:04,4,61.2,61.5,61.8,68.3,63.2,16690995200,1938616320,15.9,157396975616,135099768832,90.5,861170,5827286
26/02/2023 02:41:05,4,53.1,53.7,55.3,57.6,54.925000000000004,16690995200,1953951744,16.0,157396975616,135099772928,90.5,864760,5830939
26/02/2023 02:41:06,4,83.8,76.0,76.5,78.0,78.575,16690995200,2075131904,16.7,157396975616,135100764160,90.5,868621,5834632
26/02/2023 02:41:07,4,76.5,76.2,76.2,77.7,76.64999999999999,16690995200,2168909824,17.3,157396975616,135100768256,90.5,870320,5836079
26/02/2023 02:41:08,4,88.2,87.3,88.2,87.0,87.675,16690995200,1814466560,15.2,157396975616,135101128704,90.5,884410,5850169
26/02/2023 02:41:09,4,100.0,99.0,99.0,100.0,99.5,16690995200,2120663040,17.0,157396975616,135101128704,90.5,885744,5851503
26/02/2023 02:41:10,4,97.0,98.0,99.0,99.0,98.25,16690995200,1780383744,15.0,157396975616,135101681664,90.5,901065,5866702
26/02/2023 02:41:11,4,100.0,97.0,95.0,98.0,97.5,16690995200,2005913600,16.3,157396975616,135102390272,90.5,909261,5874898
26/02/2023 02:41:12,4,99.0,99.0,100.0,100.0,99.5,16690995200,1932427264,15.9,157396975616,135102722048,90.5,917484,5883091
26/02/2023 02:41:13,4,100.0,100.0,99.0,100.0,99.75,16690995200,2136891392,17.1,157396975616,135102930944,90.5,938297,5958488
26/02/2023 02:41:14,4,99.0,99.0,99.0,100.0,99.25,16690995200,1872048128,15.5,157396975616,135103332352,90.5,949811,5970002
26/02/2023 02:41:15,4,99.0,99.0,98.0,99.0,98.75,16690995200,1927335936,15.9,157396975616,135103983616,90.5,958260,5978395
26/02/2023 02:41:16,4,99.0,100.0,99.0,100.0,99.5,16690995200,2036088832,16.5,157396975616,135104143360,90.5,962701,5982780
26/02/2023 02:41:17,4,100.0,100.0,99.0,99.0,99.5,16690995200,2098520064,16.9,157396975616,135104245760,90.5,967845,5987756
26/02/2023 02:41:18,4,99.0,98.0,99.0,99.0,98.75,16690995200,1950851072,16.0,157396975616,135104503808,90.5,980096,5999957
26/02/2023 02:41:19,4,100.0,100.0,100.0,100.0,100.0,16690995200,2105389056,16.9,157396975616,135104729088,90.5,985144,6005005
26/02/2023 02:41:20,4,100.0,100.0,100.0,100.0,100.0,16690995200,2121900032,17.0,157396975616,135105134592,90.5,989751,6009490
26/02/2023 02:41:21,4,100.0,100.0,100.0,93.7,98.425,16690995200,2092765184,16.9,157396975616,135105769472,90.5,993968,6013773
26/02/2023 02:41:22,4,99.0,98.0,44.2,99.0,85.05,16690995200,2050486272,16.6,157396975616,135106330624,90.5,998701,6018506
26/02/2023 02:41:23,4,100.0,100.0,98.0,99.0,99.25,16690995200,1940946944,16.0,157396975616,135106482176,90.5,1013668,6033473
26/02/2023 02:41:24,4,99.0,100.0,99.0,99.0,99.25,16690995200,2126835712,17.1,157396975616,135107088384,90.5,1018282,6038087
26/02/2023 02:41:25,4,100.0,99.0,100.0,100.0,99.75,16690995200,2186854400,17.4,157396975616,135107088384,90.5,1019284,6039033
26/02/2023 02:41:26,4,100.0,100.0,100.0,100.0,100.0,16690995200,1954156544,16.0,157396975616,135107219456,90.5,1029839,6050769
26/02/2023 02:41:27,4,92.7,99.0,97.0,100.0,97.175,16690995200,2052476928,16.6,157396975616,135107366912,90.5,1035124,6055886
26/02/2023 02:41:28,4,94.9,100.0,100.0,100.0,98.725,16690995200,2168070144,17.3,157396975616,135107571712,90.5,1036032,6056852
26/02/2023 02:41:29,4,80.8,99.0,53.5,98.0,82.825,16690995200,2072711168,16.7,157396975616,135107928064,90.5,1040968,6061788
26/02/2023 02:41:30,4,19.8,99.0,100.0,100.0,79.7,16690995200,1928081408,15.9,157396975616,135108284416,90.5,1044457,6065249
26/02/2023 02:41:31,4,33.7,53.6,52.0,100.0,59.825,16690995200,1791676416,15.1,157396975616,135108591616,90.5,1057840,6078690
26/02/2023 02:41:32,4,32.0,36.7,19.0,96.0,45.925,16690995200,1838514176,15.4,157396975616,135108726784,90.5,1067000,6087850
26/02/2023 02:41:33,4,40.0,96.0,73.7,100.0,77.425,16690995200,2029645824,16.5,157396975616,135108730880,90.5,1069204,6090054
26/02/2023 02:41:34,4,23.7,100.0,100.0,99.0,80.675,16690995200,2066173952,16.7,157396975616,135108739072,90.5,1071408,6092258
26/02/2023 02:41:35,4,13.8,100.0,100.0,100.0,78.45,16690995200,2066448384,16.7,157396975616,135108743168,90.5,1073800,6094594
26/02/2023 02:41:36,4,17.2,27.6,94.0,97.0,58.95,16690995200,1844269056,15.4,157396975616,135108755456,90.5,1083862,6104656
26/02/2023 02:41:37,4,6.1,7.1,28.2,100.0,35.35,16690995200,1799217152,15.1,157396975616,135108763648,90.5,1088517,6109255
26/02/2023 02:41:38,4,7.9,25.8,8.0,72.3,28.5,16690995200,1707257856,14.6,157396975616,135108771840,90.5,1096441,6117011
26/02/2023 02:41:39,4,8.9,39.4,59.0,5.9,28.3,16690995200,1715441664,14.6,157396975616,135108796416,90.5,1107371,6128027
26/02/2023 02:41:40,4,54.1,7.0,15.0,24.0,25.025,16690995200,1781760000,15.0,157396975616,135108820992,90.5,1110163,6130791
26/02/2023 02:41:41,4,45.4,7.1,44.0,8.2,26.175,16690995200,1804800000,15.1,157396975616,135108886528,90.5,1112435,6133035
26/02/2023 02:41:42,4,38.0,2.0,64.0,4.0,27.0,16690995200,1802907648,15.1,157396975616,135108874240,90.5,1114613,6135213
26/02/2023 02:41:43,4,62.6,2.0,41.6,2.0,27.049999999999997,16690995200,1802821632,15.1,157396975616,135108874240,90.5,1116791,6137477
26/02/2023 02:41:44,4,53.5,1.0,50.5,0.0,26.25,16690995200,1803153408,15.1,157396975616,135108874240,90.5,1118969,6139655
26/02/2023 02:41:45,4,68.7,42.4,19.4,23.8,38.575,16690995200,1812893696,15.3,157396975616,135108960256,90.5,1121335,6141899
26/02/2023 02:41:46,4,83.0,3.0,21.0,2.0,27.25,16690995200,1817436160,15.3,157396975616,135108960256,90.5,1125641,6146271
26/02/2023 02:41:47,4,61.0,0.0,42.0,4.0,26.75,16690995200,1824006144,15.3,157396975616,135108960256,90.5,1128007,6148581
26/02/2023 02:41:48,4,3.0,6.9,100.0,2.0,27.975,16690995200,1824002048,15.3,157396975616,135108964352,90.5,1130749,6151155
26/02/2023 02:41:49,4,26.2,22.0,76.5,38.9,40.9,16690995200,1740853248,14.9,157396975616,135109009408,90.5,1136608,6156960
26/02/2023 02:41:50,4,19.8,26.7,30.8,69.7,36.75,16690995200,1816244224,15.3,157396975616,135109009408,90.5,1139396,6159832
26/02/2023 02:41:51,4,15.0,2.0,24.0,67.7,27.175,16690995200,1743163392,14.8,157396975616,135109013504,90.5,1141758,6162138
26/02/2023 02:41:52,4,13.7,12.0,46.0,66.3,34.5,16690995200,1803960320,15.1,157396975616,135109013504,90.5,1143932,6164312
26/02/2023 02:41:53,4,2.0,15.0,4.0,87.0,27.0,16690995200,1860194304,15.5,157396975616,135109042176,90.5,1146106,6166486
26/02/2023 02:41:54,4,35.6,22.2,55.6,25.0,34.6,16690995200,1787265024,15.0,157396975616,135109042176,90.5,1148280,6168660
26/02/2023 02:41:55,4,3.0,4.0,1.0,99.0,26.75,16690995200,1844293632,15.4,157396975616,135109042176,90.5,1150548,6170834
26/02/2023 02:41:56,4,19.0,49.5,9.9,32.0,27.6,16690995200,1781006336,15.0,157396975616,135109050368,90.5,1152816,6173226
26/02/2023 02:41:57,4,64.0,14.0,46.9,10.1,33.75,16690995200,1840844800,15.3,157396975616,135109050368,90.5,1155178,6175532
26/02/2023 02:41:58,4,12.0,10.9,9.3,12.6,11.200000000000001,16690995200,1636139008,14.2,157396975616,135111442432,90.5,1207325,6228310
26/02/2023 02:41:59,4,21.8,17.7,18.1,28.1,21.425,16690995200,1643941888,14.3,157396975616,135111454720,90.5,1212213,6233180
26/02/2023 02:42:00,4,10.8,15.5,12.6,22.2,15.274999999999999,16690995200,1644367872,14.3,157396975616,135111462912,90.5,1213975,6234886
26/02/2023 02:42:01,4,15.8,27.3,23.8,24.0,22.725,16690995200,1645346816,14.3,157396975616,135111462912,90.5,1215303,6236064
26/02/2023 02:42:02,4,19.8,17.0,27.0,20.4,21.049999999999997,16690995200,1646194688,14.3,157396975616,135111462912,90.5,1215393,6236064
26/02/2023 02:42:03,4,37.4,34.0,36.9,45.0,38.325,16690995200,1646174208,14.4,157396975616,135111462912,90.5,1215497,6236168
26/02/2023 02:42:04,4,39.4,37.1,38.2,41.2,38.975,16690995200,1650749440,14.4,157396975616,135111462912,90.5,1215497,6236168
26/02/2023 02:42:05,4,38.8,38.8,37.6,39.2,38.599999999999994,16690995200,1648697344,14.5,157396975616,135111499776,90.5,1217151,6237822
26/02/2023 02:42:06,4,32.7,23.3,25.2,20.2,25.35,16690995200,1655418880,14.4,157396975616,135111503872,90.5,1220597,6241268
26/02/2023 02:42:07,4,27.9,22.3,26.4,24.5,25.275,16690995200,1659052032,14.4,157396975616,135111548928,90.5,1225155,6245826
26/02/2023 02:42:08,4,20.4,17.6,20.0,14.9,18.225,16690995200,1659682816,14.4,157396975616,135111548928,90.5,1225155,6245826
26/02/2023 02:42:09,4,24.8,14.1,25.0,14.9,19.7,16690995200,1662234624,14.4,157396975616,135111516160,90.5,1225343,6245958
26/02/2023 02:42:10,4,21.9,18.2,33.3,21.4,23.699999999999996,16690995200,1670660096,14.4,157396975616,135111577600,90.5,1229057,6263894
26/02/2023 02:42:11,4,12.2,15.0,9.3,13.3,12.45,16690995200,1670434816,14.4,157396975616,135111577600,90.5,1229057,6263894
26/02/2023 02:42:12,4,14.0,9.1,9.1,9.1,10.325000000000001,16690995200,1673568256,14.4,157396975616,135111577600,90.5,1229057,6263894
26/02/2023 02:42:13,4,14.1,14.1,14.9,13.3,14.100000000000001,16690995200,1674866688,14.5,157396975616,135111577600,90.5,1229161,6263998
26/02/2023 02:42:14,4,17.3,24.8,18.6,19.0,19.925,16690995200,1676038144,14.5,157396975616,135111581696,90.5,1229161,6263998
26/02/2023 02:42:15,4,27.5,16.3,20.0,21.2,21.25,16690995200,1674657792,14.5,157396975616,135111581696,90.5,1230196,6265033
26/02/2023 02:42:16,4,19.6,15.5,23.1,13.1,17.825,16690995200,1674993664,14.5,157396975616,135111581696,90.5,1230196,6265119
26/02/2023 02:42:17,4,15.2,14.1,13.1,13.1,13.875,16690995200,1675509760,14.5,157396975616,135111581696,90.5,1230196,6265119
26/02/2023 02:42:18,4,10.0,6.9,3.0,3.1,5.75,16690995200,1677447168,14.5,157396975616,135111585792,90.5,1230196,6265119
26/02/2023 02:42:19,4,17.6,16.2,21.4,17.7,18.224999999999998,16690995200,1675132928,14.5,157396975616,135111585792,90.5,1230384,6265251
26/02/2023 02:42:20,4,11.0,17.8,16.2,11.1,14.025,16690995200,1672933376,14.4,157396975616,135111585792,90.5,1230384,6265251
26/02/2023 02:42:21,4,16.3,16.0,16.2,15.5,16.0,16690995200,1675923456,14.4,157396975616,135111585792,90.5,1230384,6265251
26/02/2023 02:42:22,4,20.0,7.9,11.0,6.0,11.225,16690995200,1675538432,14.4,157396975616,135111585792,90.5,1230384,6265251
26/02/2023 02:42:23,4,22.0,12.5,13.7,13.5,15.425,16690995200,1672896512,14.4,157396975616,135111589888,90.5,1231524,6266391
26/02/2023 02:42:24,4,17.3,21.0,23.2,22.4,20.975,16690995200,1674579968,14.5,157396975616,135111593984,90.5,1234040,6268907
26/02/2023 02:42:25,4,11.6,15.2,16.2,19.0,15.5,16690995200,1675038720,14.5,157396975616,135111593984,90.5,1236168,6271035
26/02/2023 02:42:26,4,35.1,29.3,32.0,33.0,32.35,16690995200,1661108224,14.5,157396975616,135111593984,90.5,1236168,6271035
26/02/2023 02:42:27,4,24.7,16.0,23.7,9.4,18.450000000000003,16690995200,1661087744,14.5,157396975616,135111598080,90.5,1236168,6271035
26/02/2023 02:42:28,4,32.0,25.3,26.5,31.3,28.775,16690995200,1662935040,14.4,157396975616,135111598080,90.5,1236168,6271035
26/02/2023 02:42:29,4,28.4,32.7,35.7,31.2,32.0,16690995200,1664290816,14.4,157396975616,135111598080,90.5,1236356,6271167
26/02/2023 02:42:30,4,24.2,21.6,29.4,23.2,24.599999999999998,16690995200,1663512576,14.4,157396975616,135111598080,90.5,1236356,6271167
26/02/2023 02:42:31,4,24.5,27.6,25.8,19.8,24.425,16690995200,1662971904,14.4,157396975616,135111602176,90.5,1236356,6271167
26/02/2023 02:42:32,4,19.6,15.8,20.2,16.2,17.950000000000003,16690995200,1661607936,14.4,157396975616,135111606272,90.5,1236356,6271167
26/02/2023 02:42:33,4,41.8,32.7,36.7,34.0,36.3,16690995200,1661677568,14.6,157396975616,135111606272,90.5,1237388,6272199
26/02/2023 02:42:34,4,25.7,14.6,17.7,16.5,18.625,16690995200,1663320064,14.6,157396975616,135111606272,90.5,1237492,6272303
26/02/2023 02:42:35,4,34.0,23.5,30.9,30.3,29.675,16690995200,1664372736,14.4,157396975616,135111614464,90.5,1240655,6275466
26/02/2023 02:42:36,4,18.6,6.1,8.3,12.7,11.425,16690995200,1666588672,14.4,157396975616,135111618560,90.5,1240655,6275466
26/02/2023 02:42:37,4,10.9,13.3,18.9,19.4,15.625,16690995200,1669484544,14.4,157396975616,135111618560,90.5,1240655,6275466
26/02/2023 02:42:38,4,10.1,12.2,14.1,11.2,11.899999999999999,16690995200,1667829760,14.4,157396975616,135111618560,90.5,1241694,6276505
26/02/2023 02:42:39,4,14.6,15.6,12.5,20.4,15.775,16690995200,1667555328,14.4,157396975616,135111618560,90.5,1241882,6276571
26/02/2023 02:42:40,4,39.4,30.2,30.5,36.6,34.175,16690995200,1665638400,14.5,157396975616,135111610368,90.5,1241882,6276637
26/02/2023 02:42:41,4,14.1,15.6,20.8,19.8,17.575,16690995200,1665355776,14.5,157396975616,135111614464,90.5,1242335,6276835
26/02/2023 02:42:42,4,26.3,31.3,25.5,33.0,29.025,16690995200,1656971264,14.5,157396975616,135111614464,90.5,1243363,6277863
26/02/2023 02:42:43,4,25.0,20.0,25.5,24.7,23.8,16690995200,1657229312,14.5,157396975616,135111614464,90.5,1245434,6279934
26/02/2023 02:42:44,4,7.3,12.2,12.2,7.4,9.775,16690995200,1647038464,14.3,157396975616,135111614464,90.5,1245538,6280038
26/02/2023 02:42:45,4,14.0,20.6,26.3,14.9,18.950000000000003,16690995200,1647902720,14.3,157396975616,135111618560,90.5,1246573,6281073
26/02/2023 02:42:46,4,17.5,20.2,25.5,18.6,20.450000000000003,16690995200,1660366848,14.4,157396975616,135111618560,90.5,1248701,6283201
26/02/2023 02:42:47,4,41.7,42.7,36.0,36.3,39.175,16690995200,1691709440,14.6,157396975616,135111618560,90.5,1248701,6283201
26/02/2023 02:42:48,4,18.6,18.4,27.9,17.7,20.650000000000002,16690995200,1692483584,14.6,157396975616,135111618560,90.5,1248701,6283201
26/02/2023 02:42:49,4,40.2,39.4,44.7,41.5,41.45,16690995200,1684709376,14.5,157396975616,135111618560,90.5,1248795,6283267
26/02/2023 02:42:50,4,38.8,49.0,38.8,38.0,41.15,16690995200,1679814656,14.5,157396975616,135111622656,90.5,1248889,6283333
26/02/2023 02:42:51,4,7.0,10.0,11.0,7.1,8.775,16690995200,1677455360,14.5,157396975616,135111622656,90.5,1248889,6283333
26/02/2023 02:42:52,4,23.2,21.6,22.5,33.7,25.25,16690995200,1671716864,14.6,157396975616,135111786496,90.5,1248889,6283419
26/02/2023 02:42:53,4,24.8,27.1,23.1,22.1,24.275,16690995200,1671671808,14.6,157396975616,135111786496,90.5,1248889,6283419
26/02/2023 02:42:54,4,16.7,14.6,11.2,17.3,14.95,16690995200,1678258176,14.5,157396975616,135111790592,90.5,1249526,6283721
26/02/2023 02:42:55,4,3.0,3.0,4.0,5.0,3.75,16690995200,1677496320,14.5,157396975616,135111790592,90.5,1249526,6283799
26/02/2023 02:42:56,4,1.0,0.0,1.0,1.0,0.75,16690995200,1677496320,14.5,157396975616,135111790592,90.5,1249630,6283903
26/02/2023 02:42:57,4,1.0,2.0,3.0,0.0,1.5,16690995200,1677152256,14.5,157396975616,135111790592,90.5,1249786,6284059
26/02/2023 02:42:58,4,2.0,3.0,5.0,4.0,3.5,16690995200,1677000704,14.5,157396975616,135111794688,90.5,1249786,6284145
26/02/2023 02:42:59,4,4.0,4.0,4.0,5.9,4.475,16690995200,1676623872,14.5,157396975616,135111794688,90.5,1249856,6284187
26/02/2023 02:43:00,4,27.6,28.4,30.4,33.0,29.85,16690995200,1348050944,11.4,157396975616,135109439488,90.5,1252280,6286458
26/02/2023 02:43:01,4,10.3,18.3,15.8,21.4,16.450000000000003,16690995200,1310711808,11.1,157396975616,135109439488,90.5,1252280,6286458
26/02/2023 02:43:02,4,4.1,1.0,10.3,3.1,4.625,16690995200,1315647488,11.1,157396975616,135109439488,90.5,1252280,6286458
26/02/2023 02:43:03,4,5.1,8.0,11.2,9.2,8.375,16690995200,1325580288,11.1,157396975616,135109443584,90.5,1252280,6286544
26/02/2023 02:43:04,4,5.2,4.3,3.2,11.0,5.925,16690995200,1325359104,11.1,157396975616,135109447680,90.5,1252280,6286544
26/02/2023 02:43:05,4,2.0,2.0,3.0,10.1,4.275,16690995200,1327616000,11.1,157396975616,135109447680,90.5,1254408,6288672
26/02/2023 02:43:06,4,0.0,2.0,5.1,8.2,3.8249999999999997,16690995200,1327738880,11.1,157396975616,135109447680,90.5,1254408,6288672
26/02/2023 02:43:07,4,0.0,2.0,2.0,5.0,2.25,16690995200,1327763456,11.1,157396975616,135109451776,90.5,1254408,6288672
26/02/2023 02:43:08,4,3.0,3.0,4.0,6.1,4.025,16690995200,1328566272,11.1,157396975616,135109488640,90.5,1254408,6288672
26/02/2023 02:43:09,4,10.3,2.1,3.1,2.9,4.6,16690995200,1327804416,11.1,157396975616,135109451776,90.5,1254408,6288672
26/02/2023 02:43:10,4,10.1,11.2,10.1,7.2,9.65,16690995200,1322328064,11.1,157396975616,135109451776,90.5,1254596,6288804
26/02/2023 02:43:11,4,3.0,1.0,5.9,5.9,3.95,16690995200,1323401216,11.1,157396975616,135109451776,90.5,1254596,6288890
26/02/2023 02:43:12,4,2.0,0.0,3.0,1.0,1.5,16690995200,1324724224,11.1,157396975616,135109455872,90.5,1254596,6288890
26/02/2023 02:43:13,4,0.0,2.0,1.0,3.0,1.5,16690995200,1324990464,11.1,157396975616,135109455872,90.5,1254596,6288890
26/02/2023 02:43:14,4,3.0,1.0,1.0,1.0,1.5,16690995200,1325068288,11.1,157396975616,135109455872,90.5,1254596,6290827
26/02/2023 02:43:15,4,2.0,1.0,3.0,3.0,2.25,16690995200,1325068288,11.1,157396975616,135109455872,90.5,1254596,6290913
26/02/2023 02:43:16,4,0.0,1.0,0.0,2.0,0.75,16690995200,1325064192,11.1,157396975616,135109459968,90.5,1254596,6290913
26/02/2023 02:43:17,4,1.0,1.0,2.9,3.9,2.2,16690995200,1325064192,11.1,157396975616,135109459968,90.5,1254596,6290913
26/02/2023 02:43:18,4,1.0,0.0,1.0,3.0,1.25,16690995200,1325064192,11.1,157396975616,135109459968,90.5,1254596,6290913
26/02/2023 02:43:19,4,1.0,2.0,2.0,3.0,2.0,16690995200,1325051904,11.1,157396975616,135109459968,90.5,1254596,6290913
26/02/2023 02:43:20,4,0.0,1.0,1.0,2.0,1.0,16690995200,1325051904,11.1,157396975616,135109459968,90.5,1254784,6291045
26/02/2023 02:43:21,4,0.0,1.0,2.0,2.0,1.25,16690995200,1325047808,11.1,157396975616,135109464064,90.5,1254784,6291131
26/02/2023 02:43:22,4,1.0,2.0,1.0,3.0,1.75,16690995200,1325129728,11.1,157396975616,135109464064,90.5,1254784,6291131
26/02/2023 02:43:23,4,1.0,1.0,2.0,2.0,1.5,16690995200,1325129728,11.1,157396975616,135109464064,90.5,1254784,6291131
26/02/2023 02:43:24,4,1.0,1.0,1.0,3.0,1.5,16690995200,1325117440,11.1,157396975616,135109464064,90.5,1254784,6291131
26/02/2023 02:43:25,4,0.0,2.0,4.0,1.0,1.75,16690995200,1325625344,11.1,157396975616,135109468160,90.5,1256912,6293259
26/02/2023 02:43:26,4,1.0,2.0,5.9,1.0,2.475,16690995200,1325604864,11.1,157396975616,135109468160,90.5,1256912,6293259
26/02/2023 02:43:27,4,0.0,0.0,3.0,2.9,1.475,16690995200,1325604864,11.1,157396975616,135109468160,90.5,1256912,6293345
26/02/2023 02:43:28,4,0.0,0.0,3.0,0.0,0.75,16690995200,1325604864,11.1,157396975616,135109468160,90.5,1256912,6293345
26/02/2023 02:43:29,4,0.0,1.0,3.0,2.0,1.5,16690995200,1325592576,11.1,157396975616,135109468160,90.5,1256912,6293345
26/02/2023 02:43:30,4,0.0,0.0,3.0,1.0,1.0,16690995200,1325555712,11.1,157396975616,135109472256,90.5,1257006,6293411
26/02/2023 02:43:31,4,0.0,2.0,3.0,1.0,1.5,16690995200,1325555712,11.1,157396975616,135109472256,90.5,1257100,6293477
26/02/2023 02:43:32,4,0.0,0.0,2.0,1.0,0.75,16690995200,1325555712,11.1,157396975616,135109472256,90.5,1257100,6293477
26/02/2023 02:43:33,4,1.0,1.0,3.0,2.0,1.75,16690995200,1325555712,11.1,157396975616,135109472256,90.5,1257100,6293477
26/02/2023 02:43:34,4,0.0,0.0,5.0,1.0,1.5,16690995200,1325797376,11.1,157396975616,135109476352,90.5,1257100,6293477
26/02/2023 02:43:35,4,2.0,1.0,2.0,2.0,1.75,16690995200,1325797376,11.1,157396975616,135109476352,90.5,1257100,6293563
26/02/2023 02:43:36,4,0.0,2.0,2.0,0.0,1.0,16690995200,1325797376,11.1,157396975616,135109476352,90.5,1257218,6293653
26/02/2023 02:43:37,4,1.0,0.0,2.0,2.0,1.25,16690995200,1325797376,11.1,157396975616,135109476352,90.5,1257291,6293726
26/02/2023 02:43:38,4,2.0,0.0,3.0,0.0,1.25,16690995200,1325797376,11.1,157396975616,135109476352,90.5,1257669,6293994
26/02/2023 02:43:39,4,0.0,2.0,2.0,1.0,1.25,16690995200,1325797376,11.1,157396975616,135109484544,90.5,1257669,6294080
26/02/2023 02:43:40,4,0.0,0.0,3.0,1.0,1.0,16690995200,1325776896,11.1,157396975616,135109484544,90.5,1257763,6294146
26/02/2023 02:43:41,4,2.0,2.0,2.0,1.0,1.75,16690995200,1325776896,11.1,157396975616,135109484544,90.5,1257927,6294254
26/02/2023 02:43:42,4,1.0,0.0,2.0,1.0,1.0,16690995200,1325780992,11.1,157396975616,135109484544,90.5,1257927,6294254
26/02/2023 02:43:43,4,1.0,2.0,3.9,0.0,1.725,16690995200,1326153728,11.1,157396975616,135109484544,90.5,1257927,6294254
26/02/2023 02:43:44,4,2.0,1.0,2.0,2.0,1.75,16690995200,1326014464,11.1,157396975616,135109488640,90.5,1258204,6294563
26/02/2023 02:43:45,4,1.0,0.0,3.0,2.0,1.5,16690995200,1326280704,11.1,157396975616,135109488640,90.5,1258204,6294563
26/02/2023 02:43:46,4,0.0,1.0,3.0,1.0,1.25,16690995200,1326276608,11.1,157396975616,135109488640,90.5,1260332,6296691
26/02/2023 02:43:47,4,1.0,0.0,4.9,1.0,1.725,16690995200,1326276608,11.1,157396975616,135109488640,90.5,1260332,6296691
26/02/2023 02:43:48,4,1.0,0.0,2.0,0.0,0.75,16690995200,1326272512,11.1,157396975616,135109492736,90.5,1260332,6296691
26/02/2023 02:43:49,4,2.0,1.0,2.0,2.0,1.75,16690995200,1326272512,11.1,157396975616,135109492736,90.5,1260446,6296769
26/02/2023 02:43:50,4,1.0,2.0,3.0,1.0,1.75,16690995200,1326260224,11.1,157396975616,135109492736,90.5,1260446,6296769
26/02/2023 02:43:51,4,0.0,2.0,2.0,0.0,1.0,16690995200,1326260224,11.1,157396975616,135109492736,90.5,1260634,6296901
26/02/2023 02:43:52,4,2.0,0.0,2.0,0.0,1.0,16690995200,1326260224,11.1,157396975616,135109492736,90.5,1260634,6296987
26/02/2023 02:43:53,4,1.0,2.0,2.0,0.0,1.25,16690995200,1326256128,11.1,157396975616,135109496832,90.5,1260634,6296987
26/02/2023 02:43:54,4,0.0,2.0,3.0,1.0,1.5,16690995200,1325195264,11.1,157396975616,135109496832,90.5,1260634,6296987
26/02/2023 02:43:55,4,1.0,1.0,2.0,1.0,1.25,16690995200,1325195264,11.1,157396975616,135109496832,90.5,1260634,6296987
26/02/2023 02:43:56,4,0.0,0.0,2.0,1.0,0.75,16690995200,1326178304,11.1,157396975616,135109496832,90.5,1260634,6296987
26/02/2023 02:43:57,4,0.0,1.0,2.0,1.0,1.0,16690995200,1326174208,11.1,157396975616,135109500928,90.5,1260634,6296987
