27/02/2023 12:12:00,4,0.0,0.0,0.0,0.0,0.0,16690995200,1214537728,10.3,157396975616,137022803968,91.8,180187,350795
27/02/2023 12:12:01,4,0.0,0.0,0.0,0.0,0.0,16690995200,1214537728,10.3,157396975616,137022803968,91.8,180187,350795
27/02/2023 12:12:02,4,0.0,0.0,0.0,0.0,0.0,16690995200,1214537728,10.3,157396975616,137022803968,91.8,180187,350795
27/02/2023 12:12:03,4,14.0,5.1,3.0,4.0,6.525,16690995200,1237995520,10.5,157396975616,137022808064,91.8,180187,350795
27/02/2023 12:12:04,4,2.0,1.0,4.0,2.0,2.25,16690995200,1238761472,10.5,157396975616,137022808064,91.8,180187,350795
27/02/2023 12:12:05,4,2.0,2.0,5.9,3.0,3.225,16690995200,1238974464,10.5,157396975616,137022808064,91.8,180493,351017
27/02/2023 12:12:06,4,0.0,2.0,3.0,6.9,2.975,16690995200,1239494656,10.5,157396975616,137022812160,91.8,180566,351176
27/02/2023 12:12:07,4,0.0,1.0,6.9,3.0,2.725,16690995200,1239494656,10.5,157396975616,137022812160,91.8,180566,351176
27/02/2023 12:12:08,4,2.0,2.0,4.0,4.0,3.0,16690995200,1239482368,10.5,157396975616,137022812160,91.8,180694,351444
27/02/2023 12:12:09,4,2.0,2.0,3.0,3.0,2.5,16690995200,1239740416,10.5,157396975616,137022812160,91.8,180944,351444
27/02/2023 12:12:10,4,2.0,2.0,4.0,0.0,2.0,16690995200,1239736320,10.5,157396975616,137022816256,91.8,181014,351486
27/02/2023 12:12:11,4,2.0,3.0,10.0,1.0,4.0,16690995200,1239736320,10.5,157396975616,137022816256,91.8,181014,351486
27/02/2023 12:12:12,4,4.0,1.0,7.9,1.0,3.475,16690995200,1239932928,10.5,157396975616,137022853120,91.8,181014,351486
27/02/2023 12:12:13,4,7.0,2.0,4.0,1.0,3.5,16690995200,1242513408,10.5,157396975616,137022853120,91.8,181014,351486
27/02/2023 12:12:14,4,2.0,1.0,5.0,3.9,2.975,16690995200,1242591232,10.5,157396975616,137022857216,91.8,181014,351486
27/02/2023 12:12:15,4,1.0,6.0,5.9,0.0,3.225,16690995200,1242591232,10.5,157396975616,137022857216,91.8,181202,351704
27/02/2023 12:12:16,4,2.0,5.0,3.9,1.0,2.975,16690995200,1243459584,10.5,157396975616,137023668224,91.8,181202,351704
27/02/2023 12:12:17,4,2.0,5.1,1.0,5.0,3.275,16690995200,1243283456,10.5,157396975616,137023668224,91.8,181202,351704
27/02/2023 12:12:18,4,0.0,2.0,0.0,3.0,1.25,16690995200,1243328512,10.5,157396975616,137023672320,91.8,181202,351704
27/02/2023 12:12:19,4,2.9,3.0,1.0,3.0,2.475,16690995200,1243586560,10.5,157396975616,137023672320,91.8,181202,351704
27/02/2023 12:12:20,4,1.0,2.0,0.0,3.0,1.5,16690995200,1243586560,10.5,157396975616,137023672320,91.8,181202,351704
27/02/2023 12:12:21,4,0.0,4.0,0.0,2.0,1.5,16690995200,1243586560,10.5,157396975616,137023672320,91.8,181202,351704
27/02/2023 12:12:22,4,4.0,2.0,3.0,4.0,3.25,16690995200,1243582464,10.5,157396975616,137023676416,91.8,181202,351704
27/02/2023 12:12:23,4,1.0,0.0,2.0,3.0,1.5,16690995200,1243570176,10.5,157396975616,137023676416,91.8,181202,351790
27/02/2023 12:12:24,4,1.0,1.0,2.0,2.0,1.5,16690995200,1243811840,10.5,157396975616,137023676416,91.8,181202,351790
27/02/2023 12:12:25,4,2.0,3.0,0.0,2.0,1.75,16690995200,1243811840,10.5,157396975616,137023676416,91.8,181390,351922
27/02/2023 12:12:26,4,0.0,4.9,0.0,5.0,2.475,16690995200,1243807744,10.5,157396975616,137023680512,91.8,181667,352145
27/02/2023 12:12:27,4,2.0,2.0,1.0,2.0,1.75,16690995200,1243807744,10.5,157396975616,137023680512,91.8,181667,352231
27/02/2023 12:12:28,4,1.0,2.0,1.0,5.9,2.475,16690995200,1243795456,10.5,157396975616,137023680512,91.8,181667,352231
27/02/2023 12:12:29,4,1.0,3.0,0.0,5.0,2.25,16690995200,1243795456,10.5,157396975616,137023680512,91.8,181667,352231
27/02/2023 12:12:30,4,1.0,4.0,1.0,6.0,3.0,16690995200,1243791360,10.5,157396975616,137023684608,91.8,181737,352273
27/02/2023 12:12:31,4,1.0,1.0,0.0,5.0,1.75,16690995200,1243725824,10.5,157396975616,137023684608,91.8,181851,352351
27/02/2023 12:12:32,4,2.0,4.0,1.0,4.1,2.775,16690995200,1243983872,10.5,157396975616,137023684608,91.8,181851,352351
27/02/2023 12:12:33,4,2.0,2.0,1.0,2.0,1.75,16690995200,1243971584,10.5,157396975616,137023684608,91.8,181851,352351
27/02/2023 12:12:34,4,4.0,0.0,0.0,5.0,2.25,16690995200,1243967488,10.5,157396975616,137023688704,91.8,181851,352351
27/02/2023 12:12:35,4,3.0,1.0,0.0,3.0,1.75,16690995200,1243967488,10.5,157396975616,137023688704,91.8,182039,352483
27/02/2023 12:12:36,4,3.0,3.0,0.0,1.0,1.75,16690995200,1243967488,10.5,157396975616,137023688704,91.8,182039,352483
27/02/2023 12:12:37,4,3.0,2.0,2.0,0.0,1.75,16690995200,1243967488,10.5,157396975616,137023688704,91.8,182039,352569
27/02/2023 12:12:38,4,2.0,2.0,1.0,1.0,1.5,16690995200,1243955200,10.5,157396975616,137023692800,91.8,182039,352569
27/02/2023 12:12:39,4,3.0,3.9,0.0,0.0,1.725,16690995200,1243951104,10.5,157396975616,137023696896,91.8,182039,352569
27/02/2023 12:12:40,4,2.9,4.0,1.0,1.0,2.225,16690995200,1243951104,10.5,157396975616,137023696896,91.8,182039,352569
27/02/2023 12:12:41,4,2.0,2.0,0.0,2.0,1.5,16690995200,1244209152,10.5,157396975616,137023696896,91.8,182039,352569
27/02/2023 12:12:42,4,2.0,2.0,0.0,3.0,1.75,16690995200,1244209152,10.5,157396975616,137023696896,91.8,182039,352569
27/02/2023 12:12:43,4,1.0,3.0,1.0,2.0,1.75,16690995200,1244188672,10.5,157396975616,137023700992,91.8,182039,352655
27/02/2023 12:12:44,4,2.0,2.0,0.0,2.0,1.5,16690995200,1244188672,10.5,157396975616,137023700992,91.8,182039,352655
27/02/2023 12:12:45,4,3.0,3.0,1.0,2.0,2.25,16690995200,1244188672,10.5,157396975616,137023700992,91.8,182039,352655
27/02/2023 12:12:46,4,3.0,3.0,0.0,0.0,1.5,16690995200,1244188672,10.5,157396975616,137023700992,91.8,182227,352787
27/02/2023 12:12:47,4,3.0,4.0,0.0,0.0,1.75,16690995200,1244184576,10.5,157396975616,137023705088,91.8,182227,352787
27/02/2023 12:12:48,4,3.0,2.0,0.0,0.0,1.25,16690995200,1244184576,10.5,157396975616,137023705088,91.8,182317,352923
27/02/2023 12:12:49,4,3.0,3.0,0.0,3.0,2.25,16690995200,1244430336,10.5,157396975616,137023705088,91.8,182317,352923
27/02/2023 12:12:50,4,2.0,2.0,0.0,2.0,1.5,16690995200,1244422144,10.5,157396975616,137023705088,91.8,182317,352923
27/02/2023 12:12:51,4,2.0,2.0,0.0,1.0,1.25,16690995200,1244426240,10.5,157396975616,137023709184,91.8,182317,352923
27/02/2023 12:12:52,4,2.0,2.0,0.0,1.0,1.25,16690995200,1244426240,10.5,157396975616,137023709184,91.8,182317,352923
27/02/2023 12:12:53,4,2.0,2.0,1.0,0.0,1.25,16690995200,1244426240,10.5,157396975616,137023709184,91.8,182317,352923
27/02/2023 12:12:54,4,0.0,2.0,0.0,2.0,1.0,16690995200,1244672000,10.5,157396975616,137023709184,91.8,182317,352923
27/02/2023 12:12:55,4,2.0,2.0,1.0,2.0,1.75,16690995200,1244667904,10.5,157396975616,137023713280,91.8,182317,353009
27/02/2023 12:12:56,4,1.0,2.0,1.0,1.0,1.25,16690995200,1244667904,10.5,157396975616,137023713280,91.8,182505,353141
27/02/2023 12:12:57,4,2.0,3.0,2.0,1.0,2.0,16690995200,1244667904,10.5,157396975616,137023713280,91.8,182505,353141
27/02/2023 12:12:58,4,2.0,3.0,0.0,0.0,1.25,16690995200,1244667904,10.5,157396975616,137023713280,91.8,182505,353141
27/02/2023 12:12:59,4,0.0,3.0,3.0,0.0,1.5,16690995200,1248010240,10.5,157396975616,137023713280,91.8,184633,355269
27/02/2023 12:13:00,4,0.0,2.0,2.0,2.0,1.5,16690995200,1247969280,10.5,157396975616,137023717376,91.8,184633,355269
27/02/2023 12:13:01,4,2.0,1.0,1.0,2.0,1.5,16690995200,1247969280,10.5,157396975616,137023717376,91.8,184703,355397
27/02/2023 12:13:02,4,1.0,1.0,3.0,0.0,1.25,16690995200,1247993856,10.5,157396975616,137023717376,91.8,184703,355397
27/02/2023 12:13:03,4,0.0,3.0,2.0,1.0,1.5,16690995200,1247997952,10.5,157396975616,137023717376,91.8,184703,355397
27/02/2023 12:13:04,4,0.0,1.0,2.0,3.0,1.5,16690995200,1247985664,10.5,157396975616,137023721472,91.8,184703,355397
27/02/2023 12:13:05,4,1.0,1.0,3.0,1.0,1.5,16690995200,1247985664,10.5,157396975616,137023721472,91.8,184703,355397
27/02/2023 12:13:06,4,2.0,1.0,0.0,2.0,1.25,16690995200,1247985664,10.5,157396975616,137023721472,91.8,184891,355529
27/02/2023 12:13:07,4,1.0,3.0,1.0,1.0,1.5,16690995200,1247985664,10.5,157396975616,137023721472,91.8,184891,355615
27/02/2023 12:13:08,4,2.0,1.0,1.0,0.0,1.0,16690995200,1247985664,10.5,157396975616,137023721472,91.8,184891,355615
27/02/2023 12:13:09,4,2.0,5.0,1.0,0.0,2.0,16690995200,1247969280,10.5,157396975616,137023725568,91.8,184891,355615
27/02/2023 12:13:10,4,1.0,2.0,2.9,0.0,1.475,16690995200,1247969280,10.5,157396975616,137023725568,91.8,184891,355615
27/02/2023 12:13:11,4,1.0,3.0,1.0,1.0,1.5,16690995200,1247969280,10.5,157396975616,137023725568,91.8,184891,355615
27/02/2023 12:13:12,4,0.0,2.0,1.0,2.0,1.25,16690995200,1247969280,10.5,157396975616,137023725568,91.8,184891,355701
27/02/2023 12:13:13,4,2.0,3.0,0.0,3.0,2.0,16690995200,1248157696,10.5,157396975616,137023770624,91.8,184891,355701
27/02/2023 12:13:14,4,2.0,3.0,0.0,0.0,1.25,16690995200,1248157696,10.5,157396975616,137023770624,91.8,184891,355701
27/02/2023 12:13:15,4,2.0,2.0,0.0,3.9,1.975,16690995200,1248198656,10.5,157396975616,137023733760,91.8,184891,355701
27/02/2023 12:13:16,4,0.0,3.0,1.0,1.0,1.25,16690995200,1248456704,10.5,157396975616,137023733760,91.8,185079,355833
27/02/2023 12:13:17,4,1.0,2.0,0.0,2.0,1.25,16690995200,1248452608,10.5,157396975616,137023737856,91.8,185079,355833
27/02/2023 12:13:18,4,0.0,2.0,1.0,2.0,1.25,16690995200,1248452608,10.5,157396975616,137023737856,91.8,185079,355833
27/02/2023 12:13:19,4,2.0,2.0,1.0,1.0,1.5,16690995200,1248436224,10.5,157396975616,137023737856,91.8,185079,355919
27/02/2023 12:13:20,4,0.0,2.0,1.0,2.0,1.25,16690995200,1248436224,10.5,157396975616,137023737856,91.8,185079,355919
27/02/2023 12:13:21,4,1.0,3.0,3.0,1.0,2.0,16690995200,1248436224,10.5,157396975616,137023737856,91.8,185079,355919
27/02/2023 12:13:22,4,0.0,3.0,1.0,1.0,1.25,16690995200,1248432128,10.5,157396975616,137023741952,91.8,185079,355919
27/02/2023 12:13:23,4,1.0,3.0,1.0,2.0,1.75,16690995200,1248432128,10.5,157396975616,137023741952,91.8,185079,355919
27/02/2023 12:13:24,4,0.0,2.0,2.0,3.0,1.75,16690995200,1248419840,10.5,157396975616,137023741952,91.8,185079,358393
27/02/2023 12:13:25,4,0.0,2.0,3.0,0.0,1.25,16690995200,1248419840,10.5,157396975616,137023741952,91.8,185079,358393
27/02/2023 12:13:26,4,1.0,3.0,1.0,0.0,1.25,16690995200,1248415744,10.5,157396975616,137023746048,91.8,185267,358459
27/02/2023 12:13:27,4,3.0,2.0,0.0,0.0,1.25,16690995200,1248415744,10.5,157396975616,137023746048,91.8,185267,358611
27/02/2023 12:13:28,4,2.0,2.0,1.0,2.0,1.75,16690995200,1248415744,10.5,157396975616,137023746048,91.8,185267,358611
27/02/2023 12:13:29,4,6.9,1.0,7.1,6.9,5.475,16690995200,1246949376,10.5,157396975616,137023746048,91.8,185267,358611
27/02/2023 12:13:30,4,6.9,9.9,4.0,14.6,8.85,16690995200,1246552064,10.5,157396975616,137023746048,91.8,185267,358611
27/02/2023 12:13:31,4,12.4,12.1,12.2,5.3,10.5,16690995200,1242341376,10.6,157396975616,137023750144,91.8,185267,358697
27/02/2023 12:13:32,4,1.0,3.0,3.0,5.0,3.0,16690995200,1243017216,10.6,157396975616,137023750144,91.8,185337,358739
27/02/2023 12:13:33,4,2.0,0.0,2.0,5.0,2.25,16690995200,1252909056,10.6,157396975616,137023750144,91.8,185337,358739
27/02/2023 12:13:34,4,1.0,2.0,0.0,3.0,1.5,16690995200,1252896768,10.6,157396975616,137023750144,91.8,185337,358739
27/02/2023 12:13:35,4,2.0,1.0,3.0,1.0,1.75,16690995200,1252900864,10.6,157396975616,137023754240,91.8,185337,358739
27/02/2023 12:13:36,4,0.0,0.0,1.0,3.0,1.0,16690995200,1252917248,10.6,157396975616,137023754240,91.8,185337,358739
27/02/2023 12:13:37,4,2.0,3.0,2.0,4.0,2.75,16690995200,1252913152,10.6,157396975616,137023754240,91.8,185525,358871
27/02/2023 12:13:38,4,1.0,0.0,1.0,2.0,1.0,16690995200,1252913152,10.6,157396975616,137023754240,91.8,185525,358871
27/02/2023 12:13:39,4,4.0,3.9,0.0,2.0,2.475,16690995200,1252835328,10.6,157396975616,137023754240,91.8,185525,358871
27/02/2023 12:13:40,4,3.0,1.0,0.0,3.0,1.75,16690995200,1252904960,10.6,157396975616,137023758336,91.8,185525,358957
27/02/2023 12:13:41,4,2.0,2.0,1.0,1.0,1.5,16690995200,1252904960,10.6,157396975616,137023758336,91.8,185525,358957
27/02/2023 12:13:42,4,0.0,2.0,1.0,3.0,1.5,16690995200,1252904960,10.6,157396975616,137023758336,91.8,185525,358957
27/02/2023 12:13:43,4,2.0,1.0,1.0,2.0,1.5,16690995200,1252904960,10.6,157396975616,137023758336,91.8,185525,358957
27/02/2023 12:13:44,4,1.0,1.0,0.0,2.0,1.0,16690995200,1252896768,10.6,157396975616,137023762432,91.8,185525,358957
27/02/2023 12:13:45,4,1.0,0.0,1.0,3.0,1.25,16690995200,1252888576,10.6,157396975616,137023762432,91.8,185525,358957
27/02/2023 12:13:46,4,1.0,0.0,2.0,2.0,1.25,16690995200,1252888576,10.6,157396975616,137023762432,91.8,185525,358957
27/02/2023 12:13:47,4,1.0,1.0,1.0,3.0,1.5,16690995200,1252888576,10.6,157396975616,137023762432,91.8,185713,359089
27/02/2023 12:13:48,4,2.0,1.0,0.0,2.0,1.25,16690995200,1252884480,10.6,157396975616,137023766528,91.8,185713,359089
27/02/2023 12:13:49,4,2.0,2.0,2.9,3.0,2.475,16690995200,1252868096,10.6,157396975616,137023770624,91.8,185713,359175
27/02/2023 12:13:50,4,0.0,1.0,1.0,3.0,1.25,16690995200,1252868096,10.6,157396975616,137023770624,91.8,185713,359175
27/02/2023 12:13:51,4,3.0,1.0,1.0,2.0,1.75,16690995200,1253130240,10.6,157396975616,137023770624,91.8,185713,359175
27/02/2023 12:13:52,4,1.0,0.0,0.0,3.0,1.0,16690995200,1253130240,10.6,157396975616,137023770624,91.8,185713,359175
27/02/2023 12:13:53,4,3.0,0.0,0.0,4.0,1.75,16690995200,1253126144,10.6,157396975616,137023774720,91.8,185713,359175
27/02/2023 12:13:54,4,0.0,2.9,1.0,4.0,1.975,16690995200,1253113856,10.6,157396975616,137023774720,91.8,185713,359261
27/02/2023 12:13:55,4,3.0,1.0,0.0,2.0,1.5,16690995200,1253113856,10.6,157396975616,137023774720,91.8,185713,359261
27/02/2023 12:13:56,4,1.0,3.0,0.0,1.0,1.25,16690995200,1253113856,10.6,157396975616,137023774720,91.8,185713,359261
27/02/2023 12:13:57,4,1.0,3.0,1.0,4.0,2.25,16690995200,1253109760,10.6,157396975616,137023778816,91.8,185901,359393
27/02/2023 12:13:58,4,1.0,2.0,0.0,3.0,1.5,16690995200,1253109760,10.6,157396975616,137023778816,91.8,185901,359393
27/02/2023 12:13:59,4,3.0,3.0,3.0,2.0,2.75,16690995200,1254645760,10.6,157396975616,137023778816,91.8,188029,361521
27/02/2023 12:14:00,4,2.0,0.0,0.0,3.0,1.25,16690995200,1254547456,10.6,157396975616,137023778816,91.8,188029,363096
27/02/2023 12:14:01,4,19.8,0.0,4.0,2.0,6.45,16690995200,1260638208,10.6,157396975616,137023778816,91.8,188029,363182
27/02/2023 12:14:02,4,49.5,44.6,79.6,47.5,55.3,16690995200,1284157440,10.8,157396975616,137023881216,91.8,188099,363224
27/02/2023 12:14:03,4,47.4,44.1,53.5,46.4,47.85,16690995200,1364992000,11.3,157396975616,137023881216,91.8,188099,363224
27/02/2023 12:14:04,4,61.4,68.3,66.3,61.4,64.35,16690995200,1523662848,12.2,157396975616,137023881216,91.8,188099,363224
27/02/2023 12:14:05,4,43.3,40.4,44.6,41.8,42.52499999999999,16690995200,1538134016,12.3,157396975616,137023885312,91.8,188099,363224
27/02/2023 12:14:06,4,71.8,71.3,74.3,70.3,71.925,16690995200,1601560576,12.7,157396975616,137023885312,91.8,188099,363310
27/02/2023 12:14:07,4,70.1,68.4,70.7,70.3,69.875,16690995200,1706553344,13.3,157396975616,137023885312,91.8,188287,363442
27/02/2023 12:14:08,4,86.0,86.1,87.3,86.7,86.52499999999999,16690995200,1298571264,10.9,157396975616,137024278528,91.8,188287,363442
27/02/2023 12:14:09,4,99.0,100.0,100.0,98.0,99.25,16690995200,1654185984,13.1,157396975616,137024278528,91.8,188287,363442
27/02/2023 12:14:10,4,100.0,99.0,99.0,98.0,99.0,16690995200,1271574528,10.8,157396975616,137024847872,91.8,188287,363442
27/02/2023 12:14:11,4,99.0,98.0,94.9,98.0,97.475,16690995200,1566269440,12.5,157396975616,137025265664,91.8,188287,363528
27/02/2023 12:14:12,4,99.0,98.0,99.0,100.0,99.0,16690995200,1520566272,12.3,157396975616,137025748992,91.8,188405,363528
27/02/2023 12:14:13,4,99.0,100.0,99.0,100.0,99.5,16690995200,1663815680,13.1,157396975616,137025773568,91.8,188405,363618
27/02/2023 12:14:14,4,100.0,100.0,99.0,100.0,99.75,16690995200,1671581696,13.2,157396975616,137026162688,91.8,188478,363691
27/02/2023 12:14:15,4,97.0,100.0,96.0,99.0,98.0,16690995200,1507823616,12.2,157396975616,137026588672,91.8,188606,363959
27/02/2023 12:14:16,4,100.0,98.0,100.0,98.0,99.0,16690995200,1534980096,12.3,157396975616,137026646016,91.8,188856,363959
27/02/2023 12:14:17,4,100.0,100.0,100.0,99.0,99.75,16690995200,1759776768,13.7,157396975616,137026711552,91.8,188950,363959
27/02/2023 12:14:18,4,100.0,100.0,100.0,100.0,100.0,16690995200,1791234048,13.9,157396975616,137027403776,91.8,189114,364133
27/02/2023 12:14:19,4,100.0,100.0,100.0,100.0,100.0,16690995200,1795547136,13.9,157396975616,137028255744,91.8,189114,364729
27/02/2023 12:14:20,4,100.0,99.0,99.0,96.0,98.5,16690995200,1485697024,12.0,157396975616,137028853760,91.8,189114,364729
27/02/2023 12:14:21,4,100.0,100.0,99.0,100.0,99.75,16690995200,1648066560,13.0,157396975616,137028952064,91.8,189114,364729
27/02/2023 12:14:22,4,100.0,100.0,100.0,100.0,100.0,16690995200,1780191232,13.8,157396975616,137028964352,91.8,189391,364952
27/02/2023 12:14:23,4,100.0,100.0,100.0,100.0,100.0,16690995200,1798885376,13.9,157396975616,137029124096,91.8,189391,364952
27/02/2023 12:14:24,4,100.0,100.0,97.0,98.0,98.75,16690995200,1608450048,12.8,157396975616,137029328896,91.8,189391,364952
27/02/2023 12:14:25,4,99.0,100.0,100.0,100.0,99.75,16690995200,1754173440,13.7,157396975616,137029545984,91.8,189391,364952
27/02/2023 12:14:26,4,98.0,100.0,100.0,100.0,99.5,16690995200,1757282304,13.7,157396975616,137029648384,91.8,189391,364952
27/02/2023 12:14:27,4,99.0,100.0,100.0,100.0,99.75,16690995200,1811763200,14.0,157396975616,137029857280,91.8,189505,365030
27/02/2023 12:14:28,4,100.0,99.0,98.0,100.0,99.25,16690995200,1650614272,13.0,157396975616,137030094848,91.8,189693,365248
27/02/2023 12:14:29,4,100.0,98.0,99.0,98.0,98.75,16690995200,1647763456,13.0,157396975616,137030189056,91.8,189693,365248
27/02/2023 12:14:30,4,100.0,100.0,100.0,99.0,99.75,16690995200,1742389248,13.6,157396975616,137030209536,91.8,189693,365248
27/02/2023 12:14:31,4,99.0,99.0,96.9,100.0,98.725,16690995200,1661501440,13.1,157396975616,137030377472,91.8,189693,365248
27/02/2023 12:14:32,4,30.9,100.0,100.0,98.0,82.225,16690995200,1634459648,12.9,157396975616,137030381568,91.8,189693,365248
27/02/2023 12:14:33,4,31.2,91.0,91.1,96.9,77.55000000000001,16690995200,1280356352,10.8,157396975616,137030578176,91.8,189763,365290
27/02/2023 12:14:34,4,27.2,71.0,41.8,16.8,39.2,16690995200,1340289024,11.2,157396975616,137030889472,91.8,189763,365290
27/02/2023 12:14:35,4,62.6,11.1,34.0,7.0,28.675,16690995200,1380339712,11.4,157396975616,137031094272,91.8,189763,365290
27/02/2023 12:14:36,4,59.4,8.2,24.0,22.9,28.625,16690995200,1349677056,11.2,157396975616,137031188480,91.8,189763,365376
27/02/2023 12:14:37,4,5.0,3.0,99.0,7.0,28.5,16690995200,1385013248,11.4,157396975616,137031196672,91.8,189763,365376
27/02/2023 12:14:38,4,13.1,9.9,53.9,43.1,30.0,16690995200,1311342592,11.0,157396975616,137031229440,91.8,189951,365508
27/02/2023 12:14:39,4,55.0,12.1,31.4,14.9,28.35,16690995200,1359622144,11.3,157396975616,137031282688,91.8,189951,365508
27/02/2023 12:14:40,4,88.8,5.1,8.8,7.1,27.449999999999996,16690995200,1401266176,11.5,157396975616,137031352320,91.8,189951,365594
27/02/2023 12:14:41,4,91.0,5.1,8.1,6.0,27.549999999999997,16690995200,1409351680,11.6,157396975616,137031376896,91.8,189951,365594
27/02/2023 12:14:42,4,49.5,8.0,55.0,6.0,29.625,16690995200,1409855488,11.6,157396975616,137031380992,91.8,189951,365594
27/02/2023 12:14:43,4,71.4,5.1,34.7,4.0,28.8,16690995200,1418600448,11.6,157396975616,137031380992,91.8,189951,365594
27/02/2023 12:14:44,4,100.0,4.0,6.0,6.1,29.025,16690995200,1418637312,11.7,157396975616,137031380992,91.8,189951,365594
27/02/2023 12:14:45,4,95.0,10.4,27.7,23.2,39.074999999999996,16690995200,1414807552,11.7,157396975616,137031467008,91.8,189951,365594
27/02/2023 12:14:46,4,42.0,4.0,68.7,4.0,29.675,16690995200,1423228928,11.7,157396975616,137031467008,91.8,189951,365594
27/02/2023 12:14:47,4,8.9,3.0,98.0,3.1,28.25,16690995200,1434181632,11.7,157396975616,137031467008,91.8,189951,365594
27/02/2023 12:14:48,4,88.9,7.0,18.2,8.0,30.525000000000002,16690995200,1433276416,11.8,157396975616,137031471104,91.8,190139,365726
27/02/2023 12:14:49,4,51.0,32.4,22.4,40.0,36.45,16690995200,1356685312,11.4,157396975616,137031516160,91.8,190139,365812
27/02/2023 12:14:50,4,12.9,67.0,14.0,43.4,34.325,16690995200,1430675456,11.8,157396975616,137031516160,91.8,190139,365812
27/02/2023 12:14:51,4,4.0,17.8,5.0,82.0,27.2,16690995200,1332371456,11.1,157396975616,137031520256,91.8,190139,365812
27/02/2023 12:14:52,4,13.9,57.0,27.3,39.6,34.45,16690995200,1408765952,11.6,157396975616,137031520256,91.8,190229,365862
27/02/2023 12:14:53,4,5.0,4.1,97.0,4.0,27.525,16690995200,1259503616,10.7,157396975616,137031544832,91.8,190229,365862
27/02/2023 12:14:54,4,12.2,47.0,57.6,22.0,34.7,16690995200,1387876352,11.5,157396975616,137031544832,91.8,190229,365862
27/02/2023 12:14:55,4,4.0,26.0,2.0,78.0,27.5,16690995200,1447788544,11.8,157396975616,137031544832,91.8,190229,365948
27/02/2023 12:14:56,4,5.0,51.5,6.9,48.5,27.975,16690995200,1376096256,11.4,157396975616,137031557120,91.8,190229,365948
27/02/2023 12:14:57,4,11.0,51.0,11.2,60.0,33.3,16690995200,1435848704,11.7,157396975616,137031557120,91.8,190229,365948
27/02/2023 12:14:58,4,8.7,52.0,30.0,10.0,25.175,16690995200,1253711872,10.7,157396975616,137030496256,91.8,190417,366080
27/02/2023 12:14:59,4,4.0,4.0,8.0,2.0,4.5,16690995200,1255690240,10.7,157396975616,137030500352,91.8,192661,368324
27/02/2023 12:15:00,4,2.0,2.0,1.0,1.0,1.5,16690995200,1256112128,10.7,157396975616,137030500352,91.8,192661,368324
27/02/2023 12:15:01,4,3.0,3.0,0.0,5.0,2.75,16690995200,1264836608,10.7,157396975616,137030500352,91.8,192891,368568
27/02/2023 12:15:02,4,6.1,5.9,5.9,5.0,5.725,16690995200,1264726016,10.7,157396975616,137030529024,91.8,201409,373464
27/02/2023 12:15:03,4,3.0,7.8,2.0,6.0,4.7,16690995200,1264721920,10.7,157396975616,137030533120,91.8,214229,444184
27/02/2023 12:15:04,4,2.0,0.0,1.0,2.0,1.25,16690995200,1264701440,10.7,157396975616,137030533120,91.8,214229,444270
27/02/2023 12:15:05,4,5.0,0.0,2.0,2.0,2.25,16690995200,1264701440,10.7,157396975616,137030533120,91.8,214229,444270
27/02/2023 12:15:06,4,5.0,0.0,2.0,0.0,1.75,16690995200,1264701440,10.7,157396975616,137030533120,91.8,214299,444312
27/02/2023 12:15:07,4,3.0,0.0,0.0,2.0,1.25,16690995200,1264697344,10.7,157396975616,137030537216,91.8,214299,444312
27/02/2023 12:15:08,4,3.0,0.0,2.0,2.0,1.75,16690995200,1264762880,10.7,157396975616,137030537216,91.8,214605,444662
27/02/2023 12:15:09,4,4.0,1.0,3.0,1.0,2.25,16690995200,1264750592,10.7,157396975616,137030537216,91.8,214793,444794
27/02/2023 12:15:10,4,2.0,1.0,1.0,0.0,1.0,16690995200,1264750592,10.7,157396975616,137030537216,91.8,214793,444794
27/02/2023 12:15:11,4,3.0,1.0,2.0,2.0,2.0,16690995200,1264750592,10.7,157396975616,137030537216,91.8,214793,444794
27/02/2023 12:15:12,4,2.0,0.0,0.0,1.0,0.75,16690995200,1264746496,10.7,157396975616,137030541312,91.8,214793,444794
27/02/2023 12:15:13,4,3.0,3.0,2.0,1.0,2.25,16690995200,1264746496,10.7,157396975616,137030541312,91.8,214793,444794
27/02/2023 12:15:14,4,3.0,0.0,1.0,1.0,1.25,16690995200,1264734208,10.7,157396975616,137030541312,91.8,214793,444880
27/02/2023 12:15:15,4,2.0,1.0,2.0,2.0,1.75,16690995200,1264926720,10.7,157396975616,137030541312,91.8,214793,444880
27/02/2023 12:15:16,4,1.0,1.0,1.0,4.0,1.75,16690995200,1264922624,10.7,157396975616,137030545408,91.8,214793,444880
27/02/2023 12:15:17,4,1.0,1.0,1.0,4.0,1.75,16690995200,1264861184,10.7,157396975616,137030582272,91.8,214793,444880
27/02/2023 12:15:18,4,3.0,0.0,0.0,2.0,1.25,16690995200,1264861184,10.7,157396975616,137030582272,91.8,214793,444880
27/02/2023 12:15:19,4,0.0,1.0,2.0,3.0,1.5,16690995200,1264898048,10.7,157396975616,137030545408,91.8,214981,445012
27/02/2023 12:15:20,4,0.0,1.0,0.0,3.0,1.0,16690995200,1264893952,10.7,157396975616,137030549504,91.8,214981,445012
27/02/2023 12:15:21,4,1.0,3.0,1.0,4.0,2.25,16690995200,1264893952,10.7,157396975616,137030549504,91.8,214981,445098
27/02/2023 12:15:22,4,1.0,1.0,1.0,2.0,1.25,16690995200,1264893952,10.7,157396975616,137030549504,91.8,214981,445098
27/02/2023 12:15:23,4,3.0,2.0,1.0,3.0,2.25,16690995200,1264881664,10.7,157396975616,137030549504,91.8,214981,445098
27/02/2023 12:15:24,4,2.0,0.0,0.0,2.0,1.0,16690995200,1264881664,10.7,157396975616,137030549504,91.8,214981,447563
27/02/2023 12:15:25,4,2.0,3.0,1.0,3.0,2.25,16690995200,1265135616,10.7,157396975616,137030553600,91.8,214981,447563
27/02/2023 12:15:26,4,0.0,3.0,0.0,3.0,1.5,16690995200,1265135616,10.7,157396975616,137030553600,91.8,214981,447563
27/02/2023 12:15:27,4,3.0,1.0,1.0,3.0,2.0,16690995200,1265135616,10.7,157396975616,137030553600,91.8,214981,447563
27/02/2023 12:15:28,4,2.0,1.0,2.9,0.0,1.475,16690995200,1265123328,10.7,157396975616,137030553600,91.8,214981,447563
27/02/2023 12:15:29,4,2.0,2.0,2.0,2.0,2.0,16690995200,1265119232,10.7,157396975616,137030557696,91.8,215169,447695
27/02/2023 12:15:30,4,0.0,0.0,4.0,1.0,1.25,16690995200,1264594944,10.7,157396975616,137030557696,91.8,215169,447781
27/02/2023 12:15:31,4,1.0,1.0,3.0,2.0,1.75,16690995200,1264590848,10.7,157396975616,137030561792,91.8,215169,447781
27/02/2023 12:15:32,4,1.0,2.0,2.0,2.0,1.75,16690995200,1265115136,10.7,157396975616,137030545408,91.8,215169,447781
27/02/2023 12:15:33,4,1.0,1.0,4.0,1.0,1.75,16690995200,1257185280,10.6,157396975616,137030545408,91.8,215169,447781
27/02/2023 12:15:34,4,2.0,0.0,3.0,0.0,1.25,16690995200,1257377792,10.6,157396975616,137030549504,91.8,215239,447823
27/02/2023 12:15:35,4,1.0,4.0,0.0,2.0,1.75,16690995200,1257377792,10.6,157396975616,137030549504,91.8,215239,447823
27/02/2023 12:15:36,4,0.0,2.0,1.0,2.0,1.25,16690995200,1257377792,10.6,157396975616,137030549504,91.8,215239,447823
27/02/2023 12:15:37,4,2.0,1.0,1.0,1.0,1.25,16690995200,1257164800,10.6,157396975616,137030549504,91.8,215239,447823
27/02/2023 12:15:38,4,1.0,2.9,1.0,1.0,1.475,16690995200,1257304064,10.6,157396975616,137030553600,91.8,215239,447823
27/02/2023 12:15:39,4,3.0,3.0,2.0,1.0,2.25,16690995200,1257304064,10.6,157396975616,137030553600,91.8,215427,448041
27/02/2023 12:15:40,4,1.0,1.0,2.0,1.0,1.25,16690995200,1257017344,10.6,157396975616,137030553600,91.8,215427,448041
27/02/2023 12:15:41,4,3.0,2.0,1.0,0.0,1.5,16690995200,1257017344,10.6,157396975616,137030553600,91.8,215427,448041
27/02/2023 12:15:42,4,2.0,1.0,1.0,0.0,1.0,16690995200,1257017344,10.6,157396975616,137030553600,91.8,215427,448041
27/02/2023 12:15:43,4,4.0,3.0,3.0,3.0,3.25,16690995200,1257230336,10.6,157396975616,137030557696,91.8,215427,448041
27/02/2023 12:15:44,4,2.0,2.0,0.0,0.0,1.0,16690995200,1257230336,10.6,157396975616,137030557696,91.8,215427,448041
27/02/2023 12:15:45,4,2.0,3.0,2.0,2.0,2.25,16690995200,1257230336,10.6,157396975616,137030557696,91.8,215427,448041
27/02/2023 12:15:46,4,2.0,0.0,1.0,1.0,1.0,16690995200,1257017344,10.6,157396975616,137030557696,91.8,215427,448127
27/02/2023 12:15:47,4,3.9,1.0,2.0,1.0,1.975,16690995200,1256939520,10.6,157396975616,137030561792,91.8,215427,448127
27/02/2023 12:15:48,4,2.0,0.0,2.0,1.0,1.25,16690995200,1256927232,10.6,157396975616,137030561792,91.8,215427,448127
27/02/2023 12:15:49,4,1.0,0.0,1.0,3.0,1.25,16690995200,1256943616,10.6,157396975616,137030561792,91.8,215615,448193
27/02/2023 12:15:50,4,2.0,1.0,1.0,2.0,1.5,16690995200,1256869888,10.6,157396975616,137030561792,91.8,215615,448259
27/02/2023 12:15:51,4,2.0,2.0,1.0,0.0,1.25,16690995200,1256865792,10.6,157396975616,137030565888,91.8,215615,448259
27/02/2023 12:15:52,4,2.0,1.0,2.0,1.0,1.5,16690995200,1256865792,10.6,157396975616,137030565888,91.8,215615,448345
27/02/2023 12:15:53,4,2.0,2.0,1.0,1.0,1.5,16690995200,1256853504,10.6,157396975616,137030565888,91.8,215615,448345
27/02/2023 12:15:54,4,2.0,1.0,2.0,0.0,1.25,16690995200,1256853504,10.6,157396975616,137030565888,91.8,215615,448345
27/02/2023 12:15:55,4,2.9,2.0,2.0,0.0,1.725,16690995200,1257025536,10.6,157396975616,137030565888,91.8,215615,448345
27/02/2023 12:15:56,4,2.0,0.0,2.0,1.0,1.25,16690995200,1257021440,10.6,157396975616,137030569984,91.8,215615,448431
27/02/2023 12:15:57,4,1.0,3.0,2.0,0.0,1.5,16690995200,1257021440,10.6,157396975616,137030569984,91.8,215615,448431
27/02/2023 12:15:58,4,1.0,2.0,2.9,0.0,1.475,16690995200,1257009152,10.6,157396975616,137030569984,91.8,215615,448431
27/02/2023 12:15:59,4,3.0,4.0,4.0,3.0,3.5,16690995200,1256980480,10.6,157396975616,137030569984,91.8,217743,450559
27/02/2023 12:16:00,4,1.0,2.0,1.0,1.0,1.25,16690995200,1257123840,10.6,157396975616,137030574080,91.8,217931,450691
27/02/2023 12:16:01,4,2.0,3.0,1.0,0.0,1.5,16690995200,1256943616,10.6,157396975616,137030574080,91.8,217931,450691
27/02/2023 12:16:02,4,2.0,1.0,1.0,0.0,1.0,16690995200,1256943616,10.6,157396975616,137030574080,91.8,217931,450777
27/02/2023 12:16:03,4,1.0,4.0,1.0,3.9,2.475,16690995200,1256931328,10.6,157396975616,137030574080,91.8,217931,450777
27/02/2023 12:16:04,4,1.0,3.0,0.0,0.0,1.0,16690995200,1256931328,10.6,157396975616,137030574080,91.8,217931,450777
27/02/2023 12:16:05,4,2.0,2.0,2.0,2.0,2.0,16690995200,1256927232,10.6,157396975616,137030578176,91.8,218001,450819
27/02/2023 12:16:06,4,2.0,1.0,1.0,0.0,1.0,16690995200,1256927232,10.6,157396975616,137030578176,91.8,218001,450819
27/02/2023 12:16:07,4,3.0,1.0,1.0,1.0,1.5,16690995200,1256751104,10.6,157396975616,137030582272,91.8,218001,450819
27/02/2023 12:16:08,4,3.0,1.0,0.0,1.0,1.25,16690995200,1256738816,10.6,157396975616,137030582272,91.8,218001,450819
27/02/2023 12:16:09,4,2.0,1.0,0.0,3.0,1.5,16690995200,1256738816,10.6,157396975616,137030586368,91.8,218001,450819
27/02/2023 12:16:10,4,2.0,1.0,3.9,2.0,2.225,16690995200,1256738816,10.6,157396975616,137030586368,91.8,218189,450951
27/02/2023 12:16:11,4,2.0,2.0,0.0,1.0,1.25,16690995200,1256738816,10.6,157396975616,137030586368,91.8,218189,451037
27/02/2023 12:16:12,4,3.0,0.0,1.0,1.0,1.25,16690995200,1256738816,10.6,157396975616,137030586368,91.8,218189,451037
27/02/2023 12:16:13,4,3.0,0.0,4.0,2.0,2.25,16690995200,1256951808,10.6,157396975616,137030590464,91.8,218189,451037
27/02/2023 12:16:14,4,1.0,0.0,2.0,2.0,1.25,16690995200,1256951808,10.6,157396975616,137030590464,91.8,218189,451037
27/02/2023 12:16:15,4,0.0,2.9,2.0,3.9,2.2,16690995200,1256951808,10.6,157396975616,137030590464,91.8,218189,451037
27/02/2023 12:16:16,4,0.0,1.0,0.0,2.0,0.75,16690995200,1256951808,10.6,157396975616,137030590464,91.8,218189,451037
27/02/2023 12:16:17,4,2.0,1.0,2.0,2.0,1.75,16690995200,1256951808,10.6,157396975616,137030590464,91.8,218189,451123
27/02/2023 12:16:18,4,1.0,1.0,0.0,2.0,1.0,16690995200,1256927232,10.6,157396975616,137030594560,91.8,218189,451123
27/02/2023 12:16:19,4,2.0,1.0,1.0,2.0,1.5,16690995200,1256910848,10.6,157396975616,137030594560,91.8,218189,451123
27/02/2023 12:16:20,4,1.0,0.0,1.0,2.0,1.0,16690995200,1256910848,10.6,157396975616,137030594560,91.8,218377,451341
27/02/2023 12:16:21,4,2.0,0.0,2.0,2.0,1.5,16690995200,1256910848,10.6,157396975616,137030594560,91.8,218377,451341
27/02/2023 12:16:22,4,0.0,2.0,0.0,2.0,1.0,16690995200,1256906752,10.6,157396975616,137030598656,91.8,218377,451341
27/02/2023 12:16:23,4,2.0,1.0,1.0,3.0,1.75,16690995200,1256906752,10.6,157396975616,137030598656,91.8,218377,451341
27/02/2023 12:16:24,4,2.0,1.0,2.0,2.0,1.75,16690995200,1256894464,10.6,157396975616,137030598656,91.8,218377,451341
27/02/2023 12:16:25,4,2.1,3.1,4.1,12.1,5.35,16690995200,1256587264,10.6,157396975616,137030598656,91.8,218377,451341
27/02/2023 12:16:26,4,7.1,10.1,10.1,9.2,9.125,16690995200,1252343808,10.7,157396975616,137030598656,91.8,218377,451427
27/02/2023 12:16:27,4,1.0,3.0,6.0,6.0,4.0,16690995200,1252401152,10.7,157396975616,137030602752,91.8,218377,451427
27/02/2023 12:16:28,4,1.0,1.0,2.0,2.0,1.5,16690995200,1254326272,10.6,157396975616,137030602752,91.8,218377,451427
27/02/2023 12:16:29,4,2.0,2.0,1.0,3.0,2.0,16690995200,1259802624,10.6,157396975616,137030602752,91.8,218654,451650
27/02/2023 12:16:30,4,2.0,3.0,0.0,0.0,1.25,16690995200,1259909120,10.6,157396975616,137030602752,91.8,218842,451782
27/02/2023 12:16:31,4,1.0,2.0,3.0,2.0,2.0,16690995200,1260138496,10.6,157396975616,137030606848,91.8,218842,451782
27/02/2023 12:16:32,4,0.0,1.0,2.0,2.0,1.25,16690995200,1260122112,10.6,157396975616,137030606848,91.8,218842,451782
27/02/2023 12:16:33,4,2.9,2.0,3.0,2.0,2.475,16690995200,1260122112,10.6,157396975616,137030606848,91.8,218842,451782
27/02/2023 12:16:34,4,3.0,0.0,0.0,1.0,1.0,16690995200,1260122112,10.6,157396975616,137030606848,91.8,218956,451946
27/02/2023 12:16:35,4,4.0,4.0,3.9,1.0,3.225,16690995200,1260122112,10.6,157396975616,137030606848,91.8,219026,451988
27/02/2023 12:16:36,4,0.0,2.0,0.0,5.0,1.75,16690995200,1260118016,10.6,157396975616,137030610944,91.8,219026,451988
27/02/2023 12:16:37,4,1.0,0.0,3.0,3.0,1.75,16690995200,1260187648,10.6,157396975616,137030610944,91.8,219026,451988
27/02/2023 12:16:39,4,0.0,3.0,2.0,0.0,1.25,16690995200,1260187648,10.6,157396975616,137030610944,91.8,219026,451988
27/02/2023 12:16:40,4,0.0,2.0,2.0,1.0,1.25,16690995200,1260187648,10.6,157396975616,137030610944,91.8,219026,451988
27/02/2023 12:16:41,4,0.0,3.0,2.0,0.0,1.25,16690995200,1260183552,10.6,157396975616,137030615040,91.8,219214,452140
27/02/2023 12:16:42,4,2.0,2.0,0.0,1.0,1.25,16690995200,1260183552,10.6,157396975616,137030615040,91.8,219214,452206
27/02/2023 12:16:43,4,1.0,3.0,1.0,0.0,1.25,16690995200,1260195840,10.6,157396975616,137030619136,91.8,219214,452206
27/02/2023 12:16:44,4,2.0,3.0,3.0,1.0,2.25,16690995200,1260097536,10.6,157396975616,137030619136,91.8,219214,452206
27/02/2023 12:16:45,4,0.0,2.0,1.0,0.0,0.75,16690995200,1260097536,10.6,157396975616,137030623232,91.8,219214,452206
27/02/2023 12:16:46,4,0.0,2.0,2.0,1.0,1.25,16690995200,1260093440,10.6,157396975616,137030623232,91.8,219214,452206
27/02/2023 12:16:47,4,1.0,2.0,1.0,2.9,1.725,16690995200,1260097536,10.6,157396975616,137030623232,91.8,219214,452206
27/02/2023 12:16:48,4,0.0,4.0,1.0,2.0,1.75,16690995200,1260085248,10.6,157396975616,137030623232,91.8,219214,452206
27/02/2023 12:16:49,4,0.0,3.0,1.0,0.0,1.0,16690995200,1260027904,10.6,157396975616,137030623232,91.8,219214,452206
27/02/2023 12:16:50,4,2.0,2.0,1.0,1.0,1.5,16690995200,1259999232,10.6,157396975616,137030627328,91.8,219214,452292
27/02/2023 12:16:51,4,1.0,2.9,1.0,0.0,1.225,16690995200,1259999232,10.6,157396975616,137030627328,91.8,219214,452292
27/02/2023 12:16:52,4,1.0,4.0,1.0,1.0,1.75,16690995200,1258950656,10.6,157396975616,137030627328,91.8,219402,452424
27/02/2023 12:16:53,4,0.0,3.0,0.0,0.0,0.75,16690995200,1258950656,10.6,157396975616,137030627328,91.8,219402,452424
27/02/2023 12:16:54,4,4.0,2.0,0.0,2.0,2.0,16690995200,1258426368,10.6,157396975616,137030631424,91.8,219402,452424
27/02/2023 12:16:55,4,2.0,2.0,2.0,0.0,1.5,16690995200,1258651648,10.6,157396975616,137030631424,91.8,219402,452424
27/02/2023 12:16:56,4,1.0,4.9,2.0,2.0,2.475,16690995200,1258651648,10.6,157396975616,137030631424,91.8,219402,452510
27/02/2023 12:16:57,4,0.0,1.0,1.0,2.0,1.0,16690995200,1258909696,10.6,157396975616,137030631424,91.8,219402,452510
27/02/2023 12:16:58,4,2.0,2.0,0.0,4.0,2.0,16690995200,1258909696,10.6,157396975616,137030631424,91.8,219402,452560
